0.000000	1.000000	0.000000	0.000000	1.000000	0.000000	0.000000	0.001700	0.009900	0.015700	0.000100	0.052000	0.000000	0.000000	0.000000	0.000000	0.000000	0.000000	0.000000	
0.000000	1.000000	0.000000	0.000000	1.000000	0.000000	0.000000	0.001700	0.009900	0.015700	0.000100	0.052000	0.000000	0.000000	0.000000	0.000000	0.000000	0.000000	0.000000	
0.000000	1.000000	0.000000	0.000000	1.000000	0.000000	0.000000	0.001700	0.009900	0.015700	0.000100	0.052000	0.000000	0.000000	0.000000	0.000000	0.000000	0.000000	0.000000	
0.000000	1.000000	0.000000	0.000000	1.000000	0.000000	0.000000	0.001700	0.009900	0.015700	0.000100	0.052000	0.000000	0.000000	0.000000	0.000000	0.000000	0.000000	0.000000	
0.000000	1.000000	0.000000	0.000000	1.000000	0.000000	0.000000	0.001700	0.009900	0.015700	0.000100	0.052000	0.000000	0.000000	0.000000	0.000000	0.000000	0.000000	0.000000	
0.000000	1.000000	0.000000	0.000000	1.000000	0.000000	0.000000	0.001700	0.009900	0.015700	0.000100	0.052000	0.000000	0.000000	0.000000	0.000000	0.000000	0.000000	0.000000	
0.000000	1.000000	0.000000	0.000000	1.000000	0.000000	0.000000	0.001700	0.009900	0.015700	0.000100	0.052000	0.000000	0.000000	0.000000	0.000000	0.000000	0.000000	0.000000	
0.000000	1.000000	0.000000	0.000000	1.000000	0.000000	0.000000	0.001700	0.009900	0.015700	0.000100	0.052000	0.000000	0.000000	0.000000	0.000000	0.000000	0.000000	0.000000	
0.506300	0.000000	0.000000	1.000000	0.000000	0.000000	1.000000	0.001700	0.009900	0.015700	0.000100	0.052000	1000.000000	0.000000	0.000000	0.000000	0.000000	0.000000	1000.106028	
0.506300	0.000000	0.000000	-1.000000	0.000000	0.000000	-1.000000	0.001700	0.009900	0.015700	0.000100	0.052000	1000.000000	0.000000	0.000000	0.000000	0.000000	0.000000	1000.106028	
0.506300	0.279525	0.848559	0.449237	0.279525	0.848559	0.449237	0.001700	0.009900	0.015700	0.000100	0.052000	1000.000000	78.142628	237.218691	125.586366	720.128169	381.244325	201.835231	
0.506300	-0.279525	-0.848559	-0.449237	-0.279525	-0.848559	-0.449237	0.001700	0.009900	0.015700	0.000100	0.052000	1000.000000	78.142628	237.218691	125.586366	720.128169	381.244325	201.835231	
0.506300	-0.719353	0.529524	0.449596	-0.719353	0.529524	0.449596	0.001700	0.009900	0.015700	0.000100	0.052000	1000.000000	517.523423	-380.954742	-323.452139	280.425018	238.096714	202.157587	
0.506300	0.719353	-0.529524	-0.449596	0.719353	-0.529524	-0.449596	0.001700	0.009900	0.015700	0.000100	0.052000	1000.000000	517.523423	-380.954742	-323.452139	280.425018	238.096714	202.157587	
0.506300	-0.719353	-0.529524	0.449596	-0.719353	-0.529524	0.449596	0.001700	0.009900	0.015700	0.000100	0.052000	1000.000000	517.523423	380.954742	-323.452139	280.425018	-238.096714	202.157587	
0.506300	0.719353	0.529524	-0.449596	0.719353	0.529524	-0.449596	0.001700	0.009900	0.015700	0.000100	0.052000	1000.000000	517.523423	380.954742	-323.452139	280.425018	-238.096714	202.157587	
0.506300	0.279525	-0.848559	0.449237	0.279525	-0.848559	0.449237	0.001700	0.009900	0.015700	0.000100	0.052000	1000.000000	78.142628	-237.218691	125.586366	720.128169	-381.244325	201.835231	
0.506300	-0.279525	0.848559	-0.449237	-0.279525	0.848559	-0.449237	0.001700	0.009900	0.015700	0.000100	0.052000	1000.000000	78.142628	-237.218691	125.586366	720.128169	-381.244325	201.835231	
0.506300	0.892413	0.000000	0.451220	0.892413	0.000000	0.451220	0.001700	0.009900	0.015700	0.000100	0.052000	1000.000000	796.485004	0.000000	402.717137	0.000000	0.000000	203.621024	
0.506300	-0.892413	0.000000	-0.451220	-0.892413	0.000000	-0.451220	0.001700	0.009900	0.015700	0.000100	0.052000	1000.000000	796.485004	0.000000	402.717137	0.000000	0.000000	203.621024	
0.506300	0.000000	0.000000	1.000000	1.000000	0.000000	0.000000	0.001700	0.009900	0.015700	0.000100	0.052000	1000.000000	500.053014	0.000000	-0.000000	0.000000	0.000000	500.053014	
0.506300	0.000000	0.000000	1.000000	0.310217	0.950666	0.000000	0.001700	0.009900	0.015700	0.000100	0.052000	1000.000000	48.122466	147.472074	-0.000000	451.930548	-0.000000	500.053014	
0.506300	0.000000	0.000000	1.000000	-0.808304	0.588765	0.000000	0.001700	0.009900	0.015700	0.000100	0.052000	1000.000000	326.712590	-237.975837	0.000000	173.340424	-0.000000	500.053014	
0.506300	0.000000	0.000000	1.000000	-0.808304	-0.588765	0.000000	0.001700	0.009900	0.015700	0.000100	0.052000	1000.000000	326.712590	237.975837	0.000000	173.340424	0.000000	500.053014	
0.506300	0.000000	0.000000	1.000000	0.310217	-0.950666	0.000000	0.001700	0.009900	0.015700	0.000100	0.052000	1000.000000	48.122466	-147.472074	-0.000000	451.930548	0.000000	500.053014	
0.506300	0.000000	0.000000	-1.000000	-1.000000	0.000000	0.000000	0.001700	0.009900	0.015700	0.000100	0.052000	1000.000000	500.053014	0.000000	-0.000000	0.000000	0.000000	500.053014	
0.506300	0.000000	0.000000	-1.000000	-0.310217	0.950666	0.000000	0.001700	0.009900	0.015700	0.000100	0.052000	1000.000000	48.122466	-147.472074	-0.000000	451.930548	0.000000	500.053014	
0.506300	0.000000	0.000000	-1.000000	0.808304	0.588765	0.000000	0.001700	0.009900	0.015700	0.000100	0.052000	1000.000000	326.712590	237.975837	0.000000	173.340424	0.000000	500.053014	
0.506300	0.000000	0.000000	-1.000000	0.808304	-0.588765	0.000000	0.001700	0.009900	0.015700	0.000100	0.052000	1000.000000	326.712590	-237.975837	0.000000	173.340424	-0.000000	500.053014	
0.506300	0.000000	0.000000	-1.000000	-0.310217	-0.950666	0.000000	0.001700	0.009900	0.015700	0.000100	0.052000	1000.000000	48.122466	147.472074	-0.000000	451.930548	-0.000000	500.053014	
0.506300	0.279525	0.848559	0.449237	0.672391	0.160571	-0.722570	0.001700	0.009900	0.015700	0.000100	0.052000	1000.000000	265.150272	172.598351	-180.157340	372.956981	132.604127	361.998774	
0.506300	0.279525	0.848559	0.449237	-0.449596	0.529524	-0.719353	0.001700	0.009900	0.015700	0.000100	0.052000	1000.000000	140.150107	-0.439011	224.519253	500.276594	0.144792	359.679327	
0.506300	0.279525	0.848559	0.449237	-0.946927	0.159483	0.279094	0.001700	0.009900	0.015700	0.000100	0.052000	1000.000000	487.454667	43.092149	-69.361911	372.782770	212.879862	139.868590	
0.506300	0.279525	0.848559	0.449237	-0.140239	-0.430733	0.891517	0.001700	0.009900	0.015700	0.000100	0.052000	1000.000000	48.905790	148.815237	0.274012	452.839323	-1.401005	498.360915	
0.506300	0.279525	0.848559	0.449237	0.858756	-0.429378	0.279595	0.001700	0.009900	0.015700	0.000100	0.052000	1000.000000	407.841091	-65.775543	182.857761	452.256529	130.589873	140.008408	
0.506300	-0.279525	-0.848559	-0.449237	0.449596	-0.529524	0.719353	0.001700	0.009900	0.015700	0.000100	0.052000	1000.000000	140.150107	-0.439011	224.519253	500.276594	0.144792	359.679327	
0.506300	-0.279525	-0.848559	-0.449237	-0.672391	-0.160571	0.722570	0.001700	0.009900	0.015700	0.000100	0.052000	1000.000000	265.150272	172.598351	-180.157340	372.956981	132.604127	361.998774	
0.506300	-0.279525	-0.848559	-0.449237	-0.858756	0.429378	-0.279595	0.001700	0.009900	0.015700	0.000100	0.052000	1000.000000	407.841091	-65.775543	182.857761	452.256529	130.589873	140.008408	
0.506300	-0.279525	-0.848559	-0.449237	0.140239	0.430733	-0.891517	0.001700	0.009900	0.015700	0.000100	0.052000	1000.000000	48.905790	148.815237	0.274012	452.839323	-1.401005	498.360915	
0.506300	-0.279525	-0.848559	-0.449237	0.946927	-0.159483	-0.279094	0.001700	0.009900	0.015700	0.000100	0.052000	1000.000000	487.454667	43.092149	-69.361911	372.782770	212.879862	139.868590	
0.506300	-0.719353	0.529524	0.449596	0.668864	0.688830	0.279525	0.001700	0.009900	0.015700	0.000100	0.052000	1000.000000	482.474885	39.913807	-68.233997	377.481036	215.331237	140.150107	
0.506300	-0.719353	0.529524	0.449596	0.050075	0.691037	-0.721082	0.001700	0.009900	0.015700	0.000100	0.052000	1000.000000	260.015606	-173.173631	-179.782146	379.004124	-130.125502	361.086298	
0.506300	-0.719353	0.529524	0.449596	-0.641413	-0.260574	-0.721589	0.001700	0.009900	0.015700	0.000100	0.052000	1000.000000	464.488624	-106.900812	69.716707	174.165486	213.071985	361.451918	
0.506300	-0.719353	0.529524	0.449596	-0.449237	-0.848559	0.279525	0.001700	0.009900	0.015700	0.000100	0.052000	1000.000000	359.679327	0.144792	-224.519253	500.276594	0.439011	140.150107	
0.506300	-0.719353	0.529524	0.449596	0.361942	-0.261402	0.894800	0.001700	0.009900	0.015700	0.000100	0.052000	1000.000000	324.269515	-237.788563	0.223779	174.381703	2.084577	501.454809	
0.506300	0.719353	-0.529524	-0.449596	0.449237	0.848559	-0.279525	0.001700	0.009900	0.015700	0.000100	0.052000	1000.000000	359.679327	0.144792	-224.519253	500.276594	0.439011	140.150107	
0.506300	0.719353	-0.529524	-0.449596	0.641413	0.260574	0.721589	0.001700	0.009900	0.015700	0.000100	0.052000	1000.000000	464.488624	-106.900812	69.716707	174.165486	213.071985	361.451918	
0.506300	0.719353	-0.529524	-0.449596	-0.050075	-0.691037	0.721082	0.001700	0.009900	0.015700	0.000100	0.052000	1000.000000	260.015606	-173.173631	-179.782146	379.004124	-130.125502	361.086298	
0.506300	0.719353	-0.529524	-0.449596	-0.668864	-0.688830	-0.279525	0.001700	0.009900	0.015700	0.000100	0.052000	1000.000000	482.474885	39.913807	-68.233997	377.481036	215.331237	140.150107	
0.506300	0.719353	-0.529524	-0.449596	-0.361942	0.261402	-0.894800	0.001700	0.009900	0.015700	0.000100	0.052000	1000.000000	324.269515	-237.788563	0.223779	174.381703	2.084577	501.454809	
0.506300	-0.719353	-0.529524	0.449596	0.361942	0.261402	0.894800	0.001700	0.009900	0.015700	0.000100	0.052000	1000.000000	324.269515	237.788563	0.223779	174.381703	-2.084577	501.454809	
0.506300	-0.719353	-0.529524	0.449596	-0.449237	0.848559	0.279525	0.001700	0.009900	0.015700	0.000100	0.052000	1000.000000	359.679327	-0.144792	-224.519253	500.276594	-0.439011	140.150107	
0.506300	-0.719353	-0.529524	0.449596	-0.641413	0.260574	-0.721589	0.001700	0.009900	0.015700	0.000100	0.052000	1000.000000	464.488624	106.900812	69.716707	174.165486	-213.071985	361.451918	
0.506300	-0.719353	-0.529524	0.449596	0.050075	-0.691037	-0.721082	0.001700	0.009900	0.015700	0.000100	0.052000	1000.000000	260.015606	173.173631	-179.782146	379.004124	130.125502	361.086298	
0.506300	-0.719353	-0.529524	0.449596	0.668864	-0.688830	0.279525	0.001700	0.009900	0.015700	0.000100	0.052000	1000.000000	482.474885	-39.913807	-68.233997	377.481036	-215.331237	140.150107	
0.506300	0.719353	0.529524	-0.449596	-0.361942	-0.261402	-0.894800	0.001700	0.009900	0.015700	0.000100	0.052000	1000.000000	324.269515	237.788563	0.223779	174.381703	-2.084577	501.454809	
0.506300	0.719353	0.529524	-0.449596	-0.668864	0.688830	-0.279525	0.001700	0.009900	0.015700	0.000100	0.052000	1000.000000	482.474885	-39.913807	-68.233997	377.481036	-215.331237	140.150107	
0.506300	0.719353	0.529524	-0.449596	-0.050075	0.691037	0.721082	0.001700	0.009900	0.015700	0.000100	0.052000	1000.000000	260.015606	173.173631	-179.782146	379.004124	130.125502	361.086298	
0.506300	0.719353	0.529524	-0.449596	0.641413	-0.260574	0.721589	0.001700	0.009900	0.015700	0.000100	0.052000	1000.000000	464.488624	106.900812	69.716707	174.165486	-213.071985	361.451918	
0.506300	0.719353	0.529524	-0.449596	0.449237	-0.848559	-0.279525	0.001700	0.009900	0.015700	0.000100	0.052000	1000.000000	359.679327	-0.144792	-224.519253	500.276594	-0.439011	140.150107	
0.506300	0.279525	-0.848559	0.449237	0.858756	0.429378	0.279595	0.001700	0.009900	0.015700	0.000100	0.052000	1000.000000	407.841091	65.775543	182.857761	452.256529	-130.589873	140.008408	
0.506300	0.279525	-0.848559	0.449237	-0.140239	0.430733	0.891517	0.001700	0.009900	0.015700	0.000100	0.052000	1000.000000	48.905790	-148.815237	0.274012	452.839323	1.401005	498.360915	
0.506300	0.279525	-0.848559	0.449237	-0.946927	-0.159483	0.279094	0.001700	0.009900	0.015700	0.000100	0.052000	1000.000000	487.454667	-43.092149	-69.361911	372.782770	-212.879862	139.868590	
0.506300	0.279525	-0.848559	0.449237	-0.449596	-0.529524	-0.719353	0.001700	0.009900	0.015700	0.000100	0.052000	1000.000000	140.150107	0.439011	224.519253	500.276594	-0.144792	359.679327	
0.506300	0.279525	-0.848559	0.449237	0.672391	-0.160571	-0.722570	0.001700	0.009900	0.015700	0.000100	0.052000	1000.000000	265.150272	-172.598351	-180.157340	372.956981	-132.604127	361.998774	
0.506300	-0.279525	0.848559	-0.449237	0.946927	0.159483	-0.279094	0.001700	0.009900	0.015700	0.000100	0.052000	1000.000000	487.454667	-43.092149	-69.361911	372.782770	-212.879862	139.868590	
0.506300	-0.279525	0.848559	-0.449237	0.140239	-0.430733	-0.891517	0.001700	0.009900	0.015700	0.000100	0.052000	1000.000000	48.905790	-148.815237	0.274012	452.839323	1.401005	498.360915	
0.506300	-0.279525	0.848559	-0.449237	-0.858756	-0.429378	-0.279595	0.001700	0.009900	0.015700	0.000100	0.052000	1000.000000	407.841091	65.775543	182.857761	452.256529	-130.589873	140.008408	
0.506300	-0.279525	0.848559	-0.449237	-0.672391	0.160571	0.722570	0.001700	0.009900	0.015700	0.000100	0.052000	1000.000000	265.150272	-172.598351	-180.157340	372.956981	-132.604127	361.998774	
0.506300	-0.279525	0.848559	-0.449237	0.449596	0.529524	0.719353	0.001700	0.009900	0.015700	0.000100	0.052000	1000.000000	140.150107	0.439011	224.519253	500.276594	-0.144792	359.679327	
0.506300	0.892413	0.000000	0.451220	0.360704	0.591154	-0.721408	0.001700	0.009900	0.015700	0.000100	0.052000	1000.000000	463.303109	106.627106	71.237354	174.749979	-213.254212	362.052940	
0.506300	0.892413	0.000000	0.451220	-0.139965	0.949763	0.279930	0.001700	0.009900	0.015700	0.000100	0.052000	1000.000000	408.038643	-66.473814	181.766286	451.072309	132.947628	140.995076	
0.506300	0.892413	0.000000	0.451220	-0.451220	0.000000	0.892413	0.001700	0.009900	0.015700	0.000100	0.052000	1000.000000	500.053014	0.000000	-0.000000	0.000000	0.000000	500.053014	
0.506300	0.892413	0.000000	0.451220	-0.139965	-0.949763	0.279930	0.001700	0.009900	0.015700	0.000100	0.052000	1000.000000	408.038643	66.473814	181.766286	451.072309	-132.947628	140.995076	
0.506300	0.892413	0.000000	0.451220	0.360704	-0.591154	-0.721408	0.001700	0.009900	0.015700	0.000100	0.052000	1000.000000	463.303109	-106.627106	71.237354	174.749979	213.254212	362.052940	
0.506300	-0.892413	0.000000	-0.451220	-0.360704	0.591154	0.721408	0.001700	0.009900	0.015700	0.000100	0.052000	1000.000000	463.303109	-106.627106	71.237354	174.749979	213.254212	362.052940	
0.506300	-0.892413	0.000000	-0.451220	0.139965	0.949763	-0.279930	0.001700	0.009900	0.015700	0.000100	0.052000	1000.000000	408.038643	66.473814	181.766286	451.072309	-132.947628	140.995076	
0.506300	-0.892413	0.000000	-0.451220	0.451220	0.000000	-0.892413	0.001700	0.009900	0.015700	0.000100	0.052000	1000.000000	500.053014	0.000000	-0.000000	0.000000	0.000000	500.053014	
0.506300	-0.892413	0.000000	-0.451220	0.139965	-0.949763	-0.279930	0.001700	0.009900	0.015700	0.000100	0.052000	1000.000000	408.038643	-66.473814	181.766286	451.072309	132.947628	140.995076	
0.506300	-0.892413	0.000000	-0.451220	-0.360704	-0.591154	0.721408	0.001700	0.009900	0.015700	0.000100	0.052000	1000.000000	463.303109	106.627106	71.237354	174.749979	-213.254212	362.052940	
0.000000	1.000000	0.000000	0.000000	1.000000	0.000000	0.000000	0.001700	0.009900	0.015700	0.000100	0.052000	0.000000	0.000000	0.000000	0.000000	0.000000	0.000000	0.000000	
0.000000	1.000000	0.000000	0.000000	1.000000	0.000000	0.000000	0.001700	0.009900	0.015700	0.000100	0.052000	0.000000	0.000000	0.000000	0.000000	0.000000	0.000000	0.000000	
0.000000	1.000000	0.000000	0.000000	1.000000	0.000000	0.000000	0.001700	0.009900	0.015700	0.000100	0.052000	0.000000	0.000000	0.000000	0.000000	0.000000	0.000000	0.000000	
0.000000	1.000000	0.000000	0.000000	1.000000	0.000000	0.000000	0.001700	0.009900	0.015700	0.000100	0.052000	0.000000	0.000000	0.000000	0.000000	0.000000	0.000000	0.000000	
0.000000	1.000000	0.000000	0.000000	1.000000	0.000000	0.000000	0.001700	0.009900	0.015700	0.000100	0.052000	0.000000	0.000000	0.000000	0.000000	0.000000	0.000000	0.000000	
0.000000	1.000000	0.000000	0.000000	1.000000	0.000000	0.000000	0.001700	0.009900	0.015700	0.000100	0.052000	0.000000	0.000000	0.000000	0.000000	0.000000	0.000000	0.000000	
0.000000	1.000000	0.000000	0.000000	1.000000	0.000000	0.000000	0.001700	0.009900	0.015700	0.000100	0.052000	0.000000	0.000000	0.000000	0.000000	0.000000	0.000000	0.000000	
0.000000	1.000000	0.000000	0.000000	1.000000	0.000000	0.000000	0.001700	0.009900	0.015700	0.000100	0.052000	0.000000	0.000000	0.000000	0.000000	0.000000	0.000000	0.000000	
0.669750	0.000000	0.000000	1.000000	0.000000	0.000000	1.000000	0.001700	0.009900	0.015700	0.000100	0.052000	1750.000000	0.000000	0.000000	0.000000	0.000000	0.000000	1750.185549	
0.669750	0.000000	0.000000	-1.000000	0.000000	0.000000	-1.000000	0.001700	0.009900	0.015700	0.000100	0.052000	1750.000000	0.000000	0.000000	0.000000	0.000000	0.000000	1750.185549	
0.669750	0.279525	0.848559	0.449237	0.279525	0.848559	0.449237	0.001700	0.009900	0.015700	0.000100	0.052000	1750.000000	136.749598	415.132709	219.776140	1260.224296	667.177569	353.211654	
0.669750	-0.279525	-0.848559	-0.449237	-0.279525	-0.848559	-0.449237	0.001700	0.009900	0.015700	0.000100	0.052000	1750.000000	136.749598	415.132709	219.776140	1260.224296	667.177569	353.211654	
0.669750	-0.719353	0.529524	0.449596	-0.719353	0.529524	0.449596	0.001700	0.009900	0.015700	0.000100	0.052000	1750.000000	905.665990	-666.670798	-566.041244	490.743782	416.669249	353.775777	
0.669750	0.719353	-0.529524	-0.449596	0.719353	-0.529524	-0.449596	0.001700	0.009900	0.015700	0.000100	0.052000	1750.000000	905.665990	-666.670798	-566.041244	490.743782	416.669249	353.775777	
0.669750	-0.719353	-0.529524	0.449596	-0.719353	-0.529524	0.449596	0.001700	0.009900	0.015700	0.000100	0.052000	1750.000000	905.665990	666.670798	-566.041244	490.743782	-416.669249	353.775777	
0.669750	0.719353	0.529524	-0.449596	0.719353	0.529524	-0.449596	0.001700	0.009900	0.015700	0.000100	0.052000	1750.000000	905.665990	666.670798	-566.041244	490.743782	-416.669249	353.775777	
0.669750	0.279525	-0.848559	0.449237	0.279525	-0.848559	0.449237	0.001700	0.009900	0.015700	0.000100	0.052000	1750.000000	136.749598	-415.132709	219.776140	1260.224296	-667.177569	353.211654	
0.669750	-0.279525	0.848559	-0.449237	-0.279525	0.848559	-0.449237	0.001700	0.009900	0.015700	0.000100	0.052000	1750.000000	136.749598	-415.132709	219.776140	1260.224296	-667.177569	353.211654	
0.669750	0.892413	0.000000	0.451220	0.892413	0.000000	0.451220	0.001700	0.009900	0.015700	0.000100	0.052000	1750.000000	1393.848756	0.000000	704.754989	0.000000	0.000000	356.336792	
0.669750	-0.892413	0.000000	-0.451220	-0.892413	0.000000	-0.451220	0.001700	0.009900	0.015700	0.000100	0.052000	1750.000000	1393.848756	0.000000	704.754989	0.000000	0.000000	356.336792	
0.669750	0.000000	0.000000	1.000000	1.000000	0.000000	0.000000	0.001700	0.009900	0.015700	0.000100	0.052000	1750.000000	875.092774	0.000000	-0.000000	0.000000	0.000000	875.092774	
0.669750	0.000000	0.000000	1.000000	0.310217	0.950666	0.000000	0.001700	0.009900	0.015700	0.000100	0.052000	1750.000000	84.214316	258.076129	-0.000000	790.878459	-0.000000	875.092774	
0.669750	0.000000	0.000000	1.000000	-0.808304	0.588765	0.000000	0.001700	0.009900	0.015700	0.000100	0.052000	1750.000000	571.747032	-416.457714	0.000000	303.345743	-0.000000	875.092774	
0.669750	0.000000	0.000000	1.000000	-0.808304	-0.588765	0.000000	0.001700	0.009900	0.015700	0.000100	0.052000	1750.000000	571.747032	416.457714	0.000000	303.345743	0.000000	875.092774	
0.669750	0.000000	0.000000	1.000000	0.310217	-0.950666	0.000000	0.001700	0.009900	0.015700	0.000100	0.052000	1750.000000	84.214316	-258.076129	-0.000000	790.878459	0.000000	875.092774	
0.669750	0.000000	0.000000	-1.000000	-1.000000	0.000000	0.000000	0.001700	0.009900	0.015700	0.000100	0.052000	1750.000000	875.092774	0.000000	-0.000000	0.000000	0.000000	875.092774	
0.669750	0.000000	0.000000	-1.000000	-0.310217	0.950666	0.000000	0.001700	0.009900	0.015700	0.000100	0.052000	1750.000000	84.214316	-258.076129	-0.000000	790.878459	0.000000	875.092774	
0.669750	0.000000	0.000000	-1.000000	0.808304	0.588765	0.000000	0.001700	0.009900	0.015700	0.000100	0.052000	1750.000000	571.747032	416.457714	0.000000	303.345743	0.000000	875.092774	
0.669750	0.000000	0.000000	-1.000000	0.808304	-0.588765	0.000000	0.001700	0.009900	0.015700	0.000100	0.052000	1750.000000	571.747032	-416.457714	0.000000	303.345743	-0.000000	875.092774	
0.669750	0.000000	0.000000	-1.000000	-0.310217	-0.950666	0.000000	0.001700	0.009900	0.015700	0.000100	0.052000	1750.000000	84.214316	258.076129	-0.000000	790.878459	-0.000000	875.092774	
0.669750	0.279525	0.848559	0.449237	0.672391	0.160571	-0.722570	0.001700	0.009900	0.015700	0.000100	0.052000	1750.000000	464.012977	302.047113	-315.275344	652.674717	232.057223	633.497855	
0.669750	0.279525	0.848559	0.449237	-0.449596	0.529524	-0.719353	0.001700	0.009900	0.015700	0.000100	0.052000	1750.000000	245.262688	-0.768270	392.908692	875.484039	0.253385	629.438822	
0.669750	0.279525	0.848559	0.449237	-0.946927	0.159483	0.279094	0.001700	0.009900	0.015700	0.000100	0.052000	1750.000000	853.045667	75.411261	-121.383344	652.369848	372.539759	244.770033	
0.669750	0.279525	0.848559	0.449237	-0.140239	-0.430733	0.891517	0.001700	0.009900	0.015700	0.000100	0.052000	1750.000000	85.585133	260.426665	0.479521	792.468815	-2.451758	872.131601	
0.669750	0.279525	0.848559	0.449237	0.858756	-0.429378	0.279595	0.001700	0.009900	0.015700	0.000100	0.052000	1750.000000	713.721909	-115.107200	320.001082	791.448926	228.532278	245.014715	
0.669750	-0.279525	-0.848559	-0.449237	0.449596	-0.529524	0.719353	0.001700	0.009900	0.015700	0.000100	0.052000	1750.000000	245.262688	-0.768270	392.908692	875.484039	0.253385	629.438822	
0.669750	-0.279525	-0.848559	-0.449237	-0.672391	-0.160571	0.722570	0.001700	0.009900	0.015700	0.000100	0.052000	1750.000000	464.012977	302.047113	-315.275344	652.674717	232.057223	633.497855	
0.669750	-0.279525	-0.848559	-0.449237	-0.858756	0.429378	-0.279595	0.001700	0.009900	0.015700	0.000100	0.052000	1750.000000	713.721909	-115.107200	320.001082	791.448926	228.532278	245.014715	
0.669750	-0.279525	-0.848559	-0.449237	0.140239	0.430733	-0.891517	0.001700	0.009900	0.015700	0.000100	0.052000	1750.000000	85.585133	260.426665	0.479521	792.468815	-2.451758	872.131601	
0.669750	-0.279525	-0.848559	-0.449237	0.946927	-0.159483	-0.279094	0.001700	0.009900	0.015700	0.000100	0.052000	1750.000000	853.045667	75.411261	-121.383344	652.369848	372.539759	244.770033	
0.669750	-0.719353	0.529524	0.449596	0.668864	0.688830	0.279525	0.001700	0.009900	0.015700	0.000100	0.052000	1750.000000	844.331048	69.849163	-119.409495	660.591813	376.829665	245.262688	
0.669750	-0.719353	0.529524	0.449596	0.050075	0.691037	-0.721082	0.001700	0.009900	0.015700	0.000100	0.052000	1750.000000	455.027310	-303.053854	-314.618756	663.257217	-227.719629	631.901022	
0.669750	-0.719353	0.529524	0.449596	-0.641413	-0.260574	-0.721589	0.001700	0.009900	0.015700	0.000100	0.052000	1750.000000	812.855092	-187.076422	122.004238	304.789600	372.875974	632.540856	
0.669750	-0.719353	0.529524	0.449596	-0.449237	-0.848559	0.279525	0.001700	0.009900	0.015700	0.000100	0.052000	1750.000000	629.438822	0.253385	-392.908692	875.484039	0.768270	245.262688	
0.669750	-0.719353	0.529524	0.449596	0.361942	-0.261402	0.894800	0.001700	0.009900	0.015700	0.000100	0.052000	1750.000000	567.471652	-416.129985	0.391614	305.167981	3.648010	877.545916	
0.669750	0.719353	-0.529524	-0.449596	0.449237	0.848559	-0.279525	0.001700	0.009900	0.015700	0.000100	0.052000	1750.000000	629.438822	0.253385	-392.908692	875.484039	0.768270	245.262688	
0.669750	0.719353	-0.529524	-0.449596	0.641413	0.260574	0.721589	0.001700	0.009900	0.015700	0.000100	0.052000	1750.000000	812.855092	-187.076422	122.004238	304.789600	372.875974	632.540856	
0.669750	0.719353	-0.529524	-0.449596	-0.050075	-0.691037	0.721082	0.001700	0.009900	0.015700	0.000100	0.052000	1750.000000	455.027310	-303.053854	-314.618756	663.257217	-227.719629	631.901022	
0.669750	0.719353	-0.529524	-0.449596	-0.668864	-0.688830	-0.279525	0.001700	0.009900	0.015700	0.000100	0.052000	1750.000000	844.331048	69.849163	-119.409495	660.591813	376.829665	245.262688	
0.669750	0.719353	-0.529524	-0.449596	-0.361942	0.261402	-0.894800	0.001700	0.009900	0.015700	0.000100	0.052000	1750.000000	567.471652	-416.129985	0.391614	305.167981	3.648010	877.545916	
0.669750	-0.719353	-0.529524	0.449596	0.361942	0.261402	0.894800	0.001700	0.009900	0.015700	0.000100	0.052000	1750.000000	567.471652	416.129985	0.391614	305.167981	-3.648010	877.545916	
0.669750	-0.719353	-0.529524	0.449596	-0.449237	0.848559	0.279525	0.001700	0.009900	0.015700	0.000100	0.052000	1750.000000	629.438822	-0.253385	-392.908692	875.484039	-0.768270	245.262688	
0.669750	-0.719353	-0.529524	0.449596	-0.641413	0.260574	-0.721589	0.001700	0.009900	0.015700	0.000100	0.052000	1750.000000	812.855092	187.076422	122.004238	304.789600	-372.875974	632.540856	
0.669750	-0.719353	-0.529524	0.449596	0.050075	-0.691037	-0.721082	0.001700	0.009900	0.015700	0.000100	0.052000	1750.000000	455.027310	303.053854	-314.618756	663.257217	227.719629	631.901022	
0.669750	-0.719353	-0.529524	0.449596	0.668864	-0.688830	0.279525	0.001700	0.009900	0.015700	0.000100	0.052000	1750.000000	844.331048	-69.849163	-119.409495	660.591813	-376.829665	245.262688	
0.669750	0.719353	0.529524	-0.449596	-0.361942	-0.261402	-0.894800	0.001700	0.009900	0.015700	0.000100	0.052000	1750.000000	567.471652	416.129985	0.391614	305.167981	-3.648010	877.545916	
0.669750	0.719353	0.529524	-0.449596	-0.668864	0.688830	-0.279525	0.001700	0.009900	0.015700	0.000100	0.052000	1750.000000	844.331048	-69.849163	-119.409495	660.591813	-376.829665	245.262688	
0.669750	0.719353	0.529524	-0.449596	-0.050075	0.691037	0.721082	0.001700	0.009900	0.015700	0.000100	0.052000	1750.000000	455.027310	303.053854	-314.618756	663.257217	227.719629	631.901022	
0.669750	0.719353	0.529524	-0.449596	0.641413	-0.260574	0.721589	0.001700	0.009900	0.015700	0.000100	0.052000	1750.000000	812.855092	187.076422	122.004238	304.789600	-372.875974	632.540856	
0.669750	0.719353	0.529524	-0.449596	0.449237	-0.848559	-0.279525	0.001700	0.009900	0.015700	0.000100	0.052000	1750.000000	629.438822	-0.253385	-392.908692	875.484039	-0.768270	245.262688	
0.669750	0.279525	-0.848559	0.449237	0.858756	0.429378	0.279595	0.001700	0.009900	0.015700	0.000100	0.052000	1750.000000	713.721909	115.107200	320.001082	791.448926	-228.532278	245.014715	
0.669750	0.279525	-0.848559	0.449237	-0.140239	0.430733	0.891517	0.001700	0.009900	0.015700	0.000100	0.052000	1750.000000	85.585133	-260.426665	0.479521	792.468815	2.451758	872.131601	
0.669750	0.279525	-0.848559	0.449237	-0.946927	-0.159483	0.279094	0.001700	0.009900	0.015700	0.000100	0.052000	1750.000000	853.045667	-75.411261	-121.383344	652.369848	-372.539759	244.770033	
0.669750	0.279525	-0.848559	0.449237	-0.449596	-0.529524	-0.719353	0.001700	0.009900	0.015700	0.000100	0.052000	1750.000000	245.262688	0.768270	392.908692	875.484039	-0.253385	629.438822	
0.669750	0.279525	-0.848559	0.449237	0.672391	-0.160571	-0.722570	0.001700	0.009900	0.015700	0.000100	0.052000	1750.000000	464.012977	-302.047113	-315.275344	652.674717	-232.057223	633.497855	
0.669750	-0.279525	0.848559	-0.449237	0.946927	0.159483	-0.279094	0.001700	0.009900	0.015700	0.000100	0.052000	1750.000000	853.045667	-75.411261	-121.383344	652.369848	-372.539759	244.770033	
0.669750	-0.279525	0.848559	-0.449237	0.140239	-0.430733	-0.891517	0.001700	0.009900	0.015700	0.000100	0.052000	1750.000000	85.585133	-260.426665	0.479521	792.468815	2.451758	872.131601	
0.669750	-0.279525	0.848559	-0.449237	-0.858756	-0.429378	-0.279595	0.001700	0.009900	0.015700	0.000100	0.052000	1750.000000	713.721909	115.107200	320.001082	791.448926	-228.532278	245.014715	
0.669750	-0.279525	0.848559	-0.449237	-0.672391	0.160571	0.722570	0.001700	0.009900	0.015700	0.000100	0.052000	1750.000000	464.012977	-302.047113	-315.275344	652.674717	-232.057223	633.497855	
0.669750	-0.279525	0.848559	-0.449237	0.449596	0.529524	0.719353	0.001700	0.009900	0.015700	0.000100	0.052000	1750.000000	245.262688	0.768270	392.908692	875.484039	-0.253385	629.438822	
0.669750	0.892413	0.000000	0.451220	0.360704	0.591154	-0.721408	0.001700	0.009900	0.015700	0.000100	0.052000	1750.000000	810.780440	186.597435	124.665370	305.812463	-373.194871	633.592645	
0.669750	0.892413	0.000000	0.451220	-0.139965	0.949763	0.279930	0.001700	0.009900	0.015700	0.000100	0.052000	1750.000000	714.067625	-116.329174	318.091001	789.376541	232.658349	246.741383	
0.669750	0.892413	0.000000	0.451220	-0.451220	0.000000	0.892413	0.001700	0.009900	0.015700	0.000100	0.052000	1750.000000	875.092774	0.000000	0.000000	0.000000	0.000000	875.092774	
0.669750	0.892413	0.000000	0.451220	-0.139965	-0.949763	0.279930	0.001700	0.009900	0.015700	0.000100	0.052000	1750.000000	714.067625	116.329174	318.091001	789.376541	-232.658349	246.741383	
0.669750	0.892413	0.000000	0.451220	0.360704	-0.591154	-0.721408	0.001700	0.009900	0.015700	0.000100	0.052000	1750.000000	810.780440	-186.597435	124.665370	305.812463	373.194871	633.592645	
0.669750	-0.892413	0.000000	-0.451220	-0.360704	0.591154	0.721408	0.001700	0.009900	0.015700	0.000100	0.052000	1750.000000	810.780440	-186.597435	124.665370	305.812463	373.194871	633.592645	
0.669750	-0.892413	0.000000	-0.451220	0.139965	0.949763	-0.279930	0.001700	0.009900	0.015700	0.000100	0.052000	1750.000000	714.067625	116.329174	318.091001	789.376541	-232.658349	246.741383	
0.669750	-0.892413	0.000000	-0.451220	0.451220	0.000000	-0.892413	0.001700	0.009900	0.015700	0.000100	0.052000	1750.000000	875.092774	0.000000	0.000000	0.000000	0.000000	875.092774	
0.669750	-0.892413	0.000000	-0.451220	0.139965	-0.949763	-0.279930	0.001700	0.009900	0.015700	0.000100	0.052000	1750.000000	714.067625	-116.329174	318.091001	789.376541	232.658349	246.741383	
0.669750	-0.892413	0.000000	-0.451220	-0.360704	-0.591154	0.721408	0.001700	0.009900	0.015700	0.000100	0.052000	1750.000000	810.780440	186.597435	124.665370	305.812463	-373.194871	633.592645	
0.000000	1.000000	0.000000	0.000000	1.000000	0.000000	0.000000	0.001700	0.009900	0.015700	0.000100	0.052000	0.000000	0.000000	0.000000	0.000000	0.000000	0.000000	0.000000	
0.000000	1.000000	0.000000	0.000000	1.000000	0.000000	0.000000	0.001700	0.009900	0.015700	0.000100	0.052000	0.000000	0.000000	0.000000	0.000000	0.000000	0.000000	0.000000	
0.000000	1.000000	0.000000	0.000000	1.000000	0.000000	0.000000	0.001700	0.009900	0.015700	0.000100	0.052000	0.000000	0.000000	0.000000	0.000000	0.000000	0.000000	0.000000	
0.000000	1.000000	0.000000	0.000000	1.000000	0.000000	0.000000	0.001700	0.009900	0.015700	0.000100	0.052000	0.000000	0.000000	0.000000	0.000000	0.000000	0.000000	0.000000	
0.000000	1.000000	0.000000	0.000000	1.000000	0.000000	0.000000	0.001700	0.009900	0.015700	0.000100	0.052000	0.000000	0.000000	0.000000	0.000000	0.000000	0.000000	0.000000	
0.000000	1.000000	0.000000	0.000000	1.000000	0.000000	0.000000	0.001700	0.009900	0.015700	0.000100	0.052000	0.000000	0.000000	0.000000	0.000000	0.000000	0.000000	0.000000	
0.000000	1.000000	0.000000	0.000000	1.000000	0.000000	0.000000	0.001700	0.009900	0.015700	0.000100	0.052000	0.000000	0.000000	0.000000	0.000000	0.000000	0.000000	0.000000	
0.000000	1.000000	0.000000	0.000000	1.000000	0.000000	0.000000	0.001700	0.009900	0.015700	0.000100	0.052000	0.000000	0.000000	0.000000	0.000000	0.000000	0.000000	0.000000	
0.800500	0.000000	0.000000	1.000000	0.000000	0.000000	1.000000	0.001700	0.009900	0.015700	0.000100	0.052000	2500.000000	0.000000	0.000000	0.000000	0.000000	0.000000	2500.265070	
0.800500	0.000000	0.000000	-1.000000	0.000000	0.000000	-1.000000	0.001700	0.009900	0.015700	0.000100	0.052000	2500.000000	0.000000	0.000000	0.000000	0.000000	0.000000	2500.265070	
0.800500	0.279525	0.848559	0.449237	0.279525	0.848559	0.449237	0.001700	0.009900	0.015700	0.000100	0.052000	2500.000000	195.356569	593.046728	313.965915	1800.320423	953.110812	504.588077	
0.800500	-0.279525	-0.848559	-0.449237	-0.279525	-0.848559	-0.449237	0.001700	0.009900	0.015700	0.000100	0.052000	2500.000000	195.356569	593.046728	313.965915	1800.320423	953.110812	504.588077	
0.800500	-0.719353	0.529524	0.449596	-0.719353	0.529524	0.449596	0.001700	0.009900	0.015700	0.000100	0.052000	2500.000000	1293.808557	-952.386854	-808.630348	701.062545	595.241784	505.393967	
0.800500	0.719353	-0.529524	-0.449596	0.719353	-0.529524	-0.449596	0.001700	0.009900	0.015700	0.000100	0.052000	2500.000000	1293.808557	-952.386854	-808.630348	701.062545	595.241784	505.393967	
0.800500	-0.719353	-0.529524	0.449596	-0.719353	-0.529524	0.449596	0.001700	0.009900	0.015700	0.000100	0.052000	2500.000000	1293.808557	952.386854	-808.630348	701.062545	-595.241784	505.393967	
0.800500	0.719353	0.529524	-0.449596	0.719353	0.529524	-0.449596	0.001700	0.009900	0.015700	0.000100	0.052000	2500.000000	1293.808557	952.386854	-808.630348	701.062545	-595.241784	505.393967	
0.800500	0.279525	-0.848559	0.449237	0.279525	-0.848559	0.449237	0.001700	0.009900	0.015700	0.000100	0.052000	2500.000000	195.356569	-593.046728	313.965915	1800.320423	-953.110812	504.588077	
0.800500	-0.279525	0.848559	-0.449237	-0.279525	0.848559	-0.449237	0.001700	0.009900	0.015700	0.000100	0.052000	2500.000000	195.356569	-593.046728	313.965915	1800.320423	-953.110812	504.588077	
0.800500	0.892413	0.000000	0.451220	0.892413	0.000000	0.451220	0.001700	0.009900	0.015700	0.000100	0.052000	2500.000000	1991.212509	0.000000	1006.792842	0.000000	0.000000	509.052560	
0.800500	-0.892413	0.000000	-0.451220	-0.892413	0.000000	-0.451220	0.001700	0.009900	0.015700	0.000100	0.052000	2500.000000	1991.212509	0.000000	1006.792842	0.000000	0.000000	509.052560	
0.800500	0.000000	0.000000	1.000000	1.000000	0.000000	0.000000	0.001700	0.009900	0.015700	0.000100	0.052000	2500.000000	1250.132535	0.000000	-0.000000	0.000000	0.000000	1250.132535	
0.800500	0.000000	0.000000	1.000000	0.310217	0.950666	0.000000	0.001700	0.009900	0.015700	0.000100	0.052000	2500.000000	120.306165	368.680184	-0.000000	1129.826370	-0.000000	1250.132535	
0.800500	0.000000	0.000000	1.000000	-0.808304	0.588765	0.000000	0.001700	0.009900	0.015700	0.000100	0.052000	2500.000000	816.781474	-594.939592	0.000000	433.351061	-0.000000	1250.132535	
0.800500	0.000000	0.000000	1.000000	-0.808304	-0.588765	0.000000	0.001700	0.009900	0.015700	0.000100	0.052000	2500.000000	816.781474	594.939592	0.000000	433.351061	0.000000	1250.132535	
0.800500	0.000000	0.000000	1.000000	0.310217	-0.950666	0.000000	0.001700	0.009900	0.015700	0.000100	0.052000	2500.000000	120.306165	-368.680184	-0.000000	1129.826370	0.000000	1250.132535	
0.800500	0.000000	0.000000	-1.000000	-1.000000	0.000000	0.000000	0.001700	0.009900	0.015700	0.000100	0.052000	2500.000000	1250.132535	0.000000	-0.000000	0.000000	0.000000	1250.132535	
0.800500	0.000000	0.000000	-1.000000	-0.310217	0.950666	0.000000	0.001700	0.009900	0.015700	0.000100	0.052000	2500.000000	120.306165	-368.680184	-0.000000	1129.826370	0.000000	1250.132535	
0.800500	0.000000	0.000000	-1.000000	0.808304	0.588765	0.000000	0.001700	0.009900	0.015700	0.000100	0.052000	2500.000000	816.781474	594.939592	0.000000	433.351061	0.000000	1250.132535	
0.800500	0.000000	0.000000	-1.000000	0.808304	-0.588765	0.000000	0.001700	0.009900	0.015700	0.000100	0.052000	2500.000000	816.781474	-594.939592	0.000000	433.351061	-0.000000	1250.132535	
0.800500	0.000000	0.000000	-1.000000	-0.310217	-0.950666	0.000000	0.001700	0.009900	0.015700	0.000100	0.052000	2500.000000	120.306165	368.680184	-0.000000	1129.826370	-0.000000	1250.132535	
0.800500	0.279525	0.848559	0.449237	0.672391	0.160571	-0.722570	0.001700	0.009900	0.015700	0.000100	0.052000	2500.000000	662.875681	431.495876	-450.393349	932.392453	331.510318	904.996935	
0.800500	0.279525	0.848559	0.449237	-0.449596	0.529524	-0.719353	0.001700	0.009900	0.015700	0.000100	0.052000	2500.000000	350.375268	-1.097528	561.298131	1250.691484	0.361979	899.198317	
0.800500	0.279525	0.848559	0.449237	-0.946927	0.159483	0.279094	0.001700	0.009900	0.015700	0.000100	0.052000	2500.000000	1218.636668	107.730373	-173.404777	931.956926	532.199656	349.671476	
0.800500	0.279525	0.848559	0.449237	-0.140239	-0.430733	0.891517	0.001700	0.009900	0.015700	0.000100	0.052000	2500.000000	122.264475	372.038093	0.685031	1132.098307	-3.502512	1245.902287	
0.800500	0.279525	0.848559	0.449237	0.858756	-0.429378	0.279595	0.001700	0.009900	0.015700	0.000100	0.052000	2500.000000	1019.602726	-164.438857	457.144404	1130.641322	326.474683	350.021021	
0.800500	-0.279525	-0.848559	-0.449237	0.449596	-0.529524	0.719353	0.001700	0.009900	0.015700	0.000100	0.052000	2500.000000	350.375268	-1.097528	561.298131	1250.691484	0.361979	899.198317	
0.800500	-0.279525	-0.848559	-0.449237	-0.672391	-0.160571	0.722570	0.001700	0.009900	0.015700	0.000100	0.052000	2500.000000	662.875681	431.495876	-450.393349	932.392453	331.510318	904.996935	
0.800500	-0.279525	-0.848559	-0.449237	-0.858756	0.429378	-0.279595	0.001700	0.009900	0.015700	0.000100	0.052000	2500.000000	1019.602726	-164.438857	457.144404	1130.641322	326.474683	350.021021	
0.800500	-0.279525	-0.848559	-0.449237	0.140239	0.430733	-0.891517	0.001700	0.009900	0.015700	0.000100	0.052000	2500.000000	122.264475	372.038093	0.685031	1132.098307	-3.502512	1245.902287	
0.800500	-0.279525	-0.848559	-0.449237	0.946927	-0.159483	-0.279094	0.001700	0.009900	0.015700	0.000100	0.052000	2500.000000	1218.636668	107.730373	-173.404777	931.956926	532.199656	349.671476	
0.800500	-0.719353	0.529524	0.449596	0.668864	0.688830	0.279525	0.001700	0.009900	0.015700	0.000100	0.052000	2500.000000	1206.187211	99.784519	-170.584993	943.702590	538.328093	350.375268	
0.800500	-0.719353	0.529524	0.449596	0.050075	0.691037	-0.721082	0.001700	0.009900	0.015700	0.000100	0.052000	2500.000000	650.039014	-432.934077	-449.455366	947.510310	-325.313755	902.715746	
0.800500	-0.719353	0.529524	0.449596	-0.641413	-0.260574	-0.721589	0.001700	0.009900	0.015700	0.000100	0.052000	2500.000000	1161.221561	-267.252031	174.291769	435.413715	532.679962	903.629794	
0.800500	-0.719353	0.529524	0.449596	-0.449237	-0.848559	0.279525	0.001700	0.009900	0.015700	0.000100	0.052000	2500.000000	899.198317	0.361979	-561.298131	1250.691484	1.097528	350.375268	
0.800500	-0.719353	0.529524	0.449596	0.361942	-0.261402	0.894800	0.001700	0.009900	0.015700	0.000100	0.052000	2500.000000	810.673789	-594.471407	0.559449	435.954258	5.211442	1253.637023	
0.800500	0.719353	-0.529524	-0.449596	0.449237	0.848559	-0.279525	0.001700	0.009900	0.015700	0.000100	0.052000	2500.000000	899.198317	0.361979	-561.298131	1250.691484	1.097528	350.375268	
0.800500	0.719353	-0.529524	-0.449596	0.641413	0.260574	0.721589	0.001700	0.009900	0.015700	0.000100	0.052000	2500.000000	1161.221561	-267.252031	174.291769	435.413715	532.679962	903.629794	
0.800500	0.719353	-0.529524	-0.449596	-0.050075	-0.691037	0.721082	0.001700	0.009900	0.015700	0.000100	0.052000	2500.000000	650.039014	-432.934077	-449.455366	947.510310	-325.313755	902.715746	
0.800500	0.719353	-0.529524	-0.449596	-0.668864	-0.688830	-0.279525	0.001700	0.009900	0.015700	0.000100	0.052000	2500.000000	1206.187211	99.784519	-170.584993	943.702590	538.328093	350.375268	
0.800500	0.719353	-0.529524	-0.449596	-0.361942	0.261402	-0.894800	0.001700	0.009900	0.015700	0.000100	0.052000	2500.000000	810.673789	-594.471407	0.559449	435.954258	5.211442	1253.637023	
0.800500	-0.719353	-0.529524	0.449596	0.361942	0.261402	0.894800	0.001700	0.009900	0.015700	0.000100	0.052000	2500.000000	810.673789	594.471407	0.559449	435.954258	-5.211442	1253.637023	
0.800500	-0.719353	-0.529524	0.449596	-0.449237	0.848559	0.279525	0.001700	0.009900	0.015700	0.000100	0.052000	2500.000000	899.198317	-0.361979	-561.298131	1250.691484	-1.097528	350.375268	
0.800500	-0.719353	-0.529524	0.449596	-0.641413	0.260574	-0.721589	0.001700	0.009900	0.015700	0.000100	0.052000	2500.000000	1161.221561	267.252031	174.291769	435.413715	-532.679962	903.629794	
0.800500	-0.719353	-0.529524	0.449596	0.050075	-0.691037	-0.721082	0.001700	0.009900	0.015700	0.000100	0.052000	2500.000000	650.039014	432.934077	-449.455366	947.510310	325.313755	902.715746	
0.800500	-0.719353	-0.529524	0.449596	0.668864	-0.688830	0.279525	0.001700	0.009900	0.015700	0.000100	0.052000	2500.000000	1206.187211	-99.784519	-170.584993	943.702590	-538.328093	350.375268	
0.800500	0.719353	0.529524	-0.449596	-0.361942	-0.261402	-0.894800	0.001700	0.009900	0.015700	0.000100	0.052000	2500.000000	810.673789	594.471407	0.559449	435.954258	-5.211442	1253.637023	
0.800500	0.719353	0.529524	-0.449596	-0.668864	0.688830	-0.279525	0.001700	0.009900	0.015700	0.000100	0.052000	2500.000000	1206.187211	-99.784519	-170.584993	943.702590	-538.328093	350.375268	
0.800500	0.719353	0.529524	-0.449596	-0.050075	0.691037	0.721082	0.001700	0.009900	0.015700	0.000100	0.052000	2500.000000	650.039014	432.934077	-449.455366	947.510310	325.313755	902.715746	
0.800500	0.719353	0.529524	-0.449596	0.641413	-0.260574	0.721589	0.001700	0.009900	0.015700	0.000100	0.052000	2500.000000	1161.221561	267.252031	174.291769	435.413715	-532.679962	903.629794	
0.800500	0.719353	0.529524	-0.449596	0.449237	-0.848559	-0.279525	0.001700	0.009900	0.015700	0.000100	0.052000	2500.000000	899.198317	-0.361979	-561.298131	1250.691484	-1.097528	350.375268	
0.800500	0.279525	-0.848559	0.449237	0.858756	0.429378	0.279595	0.001700	0.009900	0.015700	0.000100	0.052000	2500.000000	1019.602726	164.438857	457.144404	1130.641322	-326.474683	350.021021	
0.800500	0.279525	-0.848559	0.449237	-0.140239	0.430733	0.891517	0.001700	0.009900	0.015700	0.000100	0.052000	2500.000000	122.264475	-372.038093	0.685031	1132.098307	3.502512	1245.902287	
0.800500	0.279525	-0.848559	0.449237	-0.946927	-0.159483	0.279094	0.001700	0.009900	0.015700	0.000100	0.052000	2500.000000	1218.636668	-107.730373	-173.404777	931.956926	-532.199656	349.671476	
0.800500	0.279525	-0.848559	0.449237	-0.449596	-0.529524	-0.719353	0.001700	0.009900	0.015700	0.000100	0.052000	2500.000000	350.375268	1.097528	561.298131	1250.691484	-0.361979	899.198317	
0.800500	0.279525	-0.848559	0.449237	0.672391	-0.160571	-0.722570	0.001700	0.009900	0.015700	0.000100	0.052000	2500.000000	662.875681	-431.495876	-450.393349	932.392453	-331.510318	904.996935	
0.800500	-0.279525	0.848559	-0.449237	0.946927	0.159483	-0.279094	0.001700	0.009900	0.015700	0.000100	0.052000	2500.000000	1218.636668	-107.730373	-173.404777	931.956926	-532.199656	349.671476	
0.800500	-0.279525	0.848559	-0.449237	0.140239	-0.430733	-0.891517	0.001700	0.009900	0.015700	0.000100	0.052000	2500.000000	122.264475	-372.038093	0.685031	1132.098307	3.502512	1245.902287	
0.800500	-0.279525	0.848559	-0.449237	-0.858756	-0.429378	-0.279595	0.001700	0.009900	0.015700	0.000100	0.052000	2500.000000	1019.602726	164.438857	457.144404	1130.641322	-326.474683	350.021021	
0.800500	-0.279525	0.848559	-0.449237	-0.672391	0.160571	0.722570	0.001700	0.009900	0.015700	0.000100	0.052000	2500.000000	662.875681	-431.495876	-450.393349	932.392453	-331.510318	904.996935	
0.800500	-0.279525	0.848559	-0.449237	0.449596	0.529524	0.719353	0.001700	0.009900	0.015700	0.000100	0.052000	2500.000000	350.375268	1.097528	561.298131	1250.691484	-0.361979	899.198317	
0.800500	0.892413	0.000000	0.451220	0.360704	0.591154	-0.721408	0.001700	0.009900	0.015700	0.000100	0.052000	2500.000000	1158.257772	266.567765	178.093386	436.874948	-533.135529	905.132350	
0.800500	0.892413	0.000000	0.451220	-0.139965	0.949763	0.279930	0.001700	0.009900	0.015700	0.000100	0.052000	2500.000000	1020.096607	-166.184535	454.415716	1127.680772	332.369070	352.487690	
0.800500	0.892413	0.000000	0.451220	-0.451220	0.000000	0.892413	0.001700	0.009900	0.015700	0.000100	0.052000	2500.000000	1250.132535	0.000000	0.000000	0.000000	0.000000	1250.132535	
0.800500	0.892413	0.000000	0.451220	-0.139965	-0.949763	0.279930	0.001700	0.009900	0.015700	0.000100	0.052000	2500.000000	1020.096607	166.184535	454.415716	1127.680772	-332.369070	352.487690	
0.800500	0.892413	0.000000	0.451220	0.360704	-0.591154	-0.721408	0.001700	0.009900	0.015700	0.000100	0.052000	2500.000000	1158.257772	-266.567765	178.093386	436.874948	533.135529	905.132350	
0.800500	-0.892413	0.000000	-0.451220	-0.360704	0.591154	0.721408	0.001700	0.009900	0.015700	0.000100	0.052000	2500.000000	1158.257772	-266.567765	178.093386	436.874948	533.135529	905.132350	
0.800500	-0.892413	0.000000	-0.451220	0.139965	0.949763	-0.279930	0.001700	0.009900	0.015700	0.000100	0.052000	2500.000000	1020.096607	166.184535	454.415716	1127.680772	-332.369070	352.487690	
0.800500	-0.892413	0.000000	-0.451220	0.451220	0.000000	-0.892413	0.001700	0.009900	0.015700	0.000100	0.052000	2500.000000	1250.132535	0.000000	0.000000	0.000000	0.000000	1250.132535	
0.800500	-0.892413	0.000000	-0.451220	0.139965	-0.949763	-0.279930	0.001700	0.009900	0.015700	0.000100	0.052000	2500.000000	1020.096607	-166.184535	454.415716	1127.680772	332.369070	352.487690	
0.800500	-0.892413	0.000000	-0.451220	-0.360704	-0.591154	0.721408	0.001700	0.009900	0.015700	0.000100	0.052000	2500.000000	1158.257772	266.567765	178.093386	436.874948	-533.135529	905.132350	
0.000000	1.000000	0.000000	0.000000	1.000000	0.000000	0.000000	0.001700	0.009900	0.015700	0.000100	0.052000	0.000000	0.000000	0.000000	0.000000	0.000000	0.000000	0.000000	
0.000000	1.000000	0.000000	0.000000	1.000000	0.000000	0.000000	0.001700	0.009900	0.015700	0.000100	0.052000	0.000000	0.000000	0.000000	0.000000	0.000000	0.000000	0.000000	
0.000000	1.000000	0.000000	0.000000	1.000000	0.000000	0.000000	0.001700	0.009900	0.015700	0.000100	0.052000	0.000000	0.000000	0.000000	0.000000	0.000000	0.000000	0.000000	
0.000000	1.000000	0.000000	0.000000	1.000000	0.000000	0.000000	0.001700	0.009900	0.015700	0.000100	0.052000	0.000000	0.000000	0.000000	0.000000	0.000000	0.000000	0.000000	
0.000000	1.000000	0.000000	0.000000	1.000000	0.000000	0.000000	0.001700	0.009900	0.015700	0.000100	0.052000	0.000000	0.000000	0.000000	0.000000	0.000000	0.000000	0.000000	
0.000000	1.000000	0.000000	0.000000	1.000000	0.000000	0.000000	0.001700	0.009900	0.015700	0.000100	0.052000	0.000000	0.000000	0.000000	0.000000	0.000000	0.000000	0.000000	
0.000000	1.000000	0.000000	0.000000	1.000000	0.000000	0.000000	0.001700	0.009900	0.015700	0.000100	0.052000	0.000000	0.000000	0.000000	0.000000	0.000000	0.000000	0.000000	
0.000000	1.000000	0.000000	0.000000	1.000000	0.000000	0.000000	0.001700	0.009900	0.015700	0.000100	0.052000	0.000000	0.000000	0.000000	0.000000	0.000000	0.000000	0.000000	
0.912700	0.000000	0.000000	1.000000	0.000000	0.000000	1.000000	0.001700	0.009900	0.015700	0.000100	0.052000	3250.000000	0.000000	0.000000	0.000000	0.000000	0.000000	3250.344591	
0.912700	0.000000	0.000000	-1.000000	0.000000	0.000000	-1.000000	0.001700	0.009900	0.015700	0.000100	0.052000	3250.000000	0.000000	0.000000	0.000000	0.000000	0.000000	3250.344591	
0.912700	0.279525	0.848559	0.449237	0.279525	0.848559	0.449237	0.001700	0.009900	0.015700	0.000100	0.052000	3250.000000	253.963540	770.960746	408.155689	2340.416550	1239.044056	655.964500	
0.912700	-0.279525	-0.848559	-0.449237	-0.279525	-0.848559	-0.449237	0.001700	0.009900	0.015700	0.000100	0.052000	3250.000000	253.963540	770.960746	408.155689	2340.416550	1239.044056	655.964500	
0.912700	-0.719353	0.529524	0.449596	-0.719353	0.529524	0.449596	0.001700	0.009900	0.015700	0.000100	0.052000	3250.000000	1681.951124	-1238.102911	-1051.219452	911.381309	773.814319	657.012158	
0.912700	0.719353	-0.529524	-0.449596	0.719353	-0.529524	-0.449596	0.001700	0.009900	0.015700	0.000100	0.052000	3250.000000	1681.951124	-1238.102911	-1051.219452	911.381309	773.814319	657.012158	
0.912700	-0.719353	-0.529524	0.449596	-0.719353	-0.529524	0.449596	0.001700	0.009900	0.015700	0.000100	0.052000	3250.000000	1681.951124	1238.102911	-1051.219452	911.381309	-773.814319	657.012158	
0.912700	0.719353	0.529524	-0.449596	0.719353	0.529524	-0.449596	0.001700	0.009900	0.015700	0.000100	0.052000	3250.000000	1681.951124	1238.102911	-1051.219452	911.381309	-773.814319	657.012158	
0.912700	0.279525	-0.848559	0.449237	0.279525	-0.848559	0.449237	0.001700	0.009900	0.015700	0.000100	0.052000	3250.000000	253.963540	-770.960746	408.155689	2340.416550	-1239.044056	655.964500	
0.912700	-0.279525	0.848559	-0.449237	-0.279525	0.848559	-0.449237	0.001700	0.009900	0.015700	0.000100	0.052000	3250.000000	253.963540	-770.960746	408.155689	2340.416550	-1239.044056	655.964500	
0.912700	0.892413	0.000000	0.451220	0.892413	0.000000	0.451220	0.001700	0.009900	0.015700	0.000100	0.052000	3250.000000	2588.576262	0.000000	1308.830694	0.000000	0.000000	661.768329	
0.912700	-0.892413	0.000000	-0.451220	-0.892413	0.000000	-0.451220	0.001700	0.009900	0.015700	0.000100	0.052000	3250.000000	2588.576262	0.000000	1308.830694	0.000000	0.000000	661.768329	
0.912700	0.000000	0.000000	1.000000	1.000000	0.000000	0.000000	0.001700	0.009900	0.015700	0.000100	0.052000	3250.000000	1625.172295	0.000000	0.000000	0.000000	0.000000	1625.172295	
0.912700	0.000000	0.000000	1.000000	0.310217	0.950666	0.000000	0.001700	0.009900	0.015700	0.000100	0.052000	3250.000000	156.398015	479.284239	0.000000	1468.774280	0.000000	1625.172295	
0.912700	0.000000	0.000000	1.000000	-0.808304	0.588765	0.000000	0.001700	0.009900	0.015700	0.000100	0.052000	3250.000000	1061.815916	-773.421470	-0.000000	563.356379	0.000000	1625.172295	
0.912700	0.000000	0.000000	1.000000	-0.808304	-0.588765	0.000000	0.001700	0.009900	0.015700	0.000100	0.052000	3250.000000	1061.815916	773.421470	-0.000000	563.356379	-0.000000	1625.172295	
0.912700	0.000000	0.000000	1.000000	0.310217	-0.950666	0.000000	0.001700	0.009900	0.015700	0.000100	0.052000	3250.000000	156.398015	-479.284239	0.000000	1468.774280	-0.000000	1625.172295	
0.912700	0.000000	0.000000	-1.000000	-1.000000	0.000000	0.000000	0.001700	0.009900	0.015700	0.000100	0.052000	3250.000000	1625.172295	0.000000	0.000000	0.000000	0.000000	1625.172295	
0.912700	0.000000	0.000000	-1.000000	-0.310217	0.950666	0.000000	0.001700	0.009900	0.015700	0.000100	0.052000	3250.000000	156.398015	-479.284239	0.000000	1468.774280	-0.000000	1625.172295	
0.912700	0.000000	0.000000	-1.000000	0.808304	0.588765	0.000000	0.001700	0.009900	0.015700	0.000100	0.052000	3250.000000	1061.815916	773.421470	-0.000000	563.356379	-0.000000	1625.172295	
0.912700	0.000000	0.000000	-1.000000	0.808304	-0.588765	0.000000	0.001700	0.009900	0.015700	0.000100	0.052000	3250.000000	1061.815916	-773.421470	-0.000000	563.356379	0.000000	1625.172295	
0.912700	0.000000	0.000000	-1.000000	-0.310217	-0.950666	0.000000	0.001700	0.009900	0.015700	0.000100	0.052000	3250.000000	156.398015	479.284239	0.000000	1468.774280	0.000000	1625.172295	
0.912700	0.279525	0.848559	0.449237	0.672391	0.160571	-0.722570	0.001700	0.009900	0.015700	0.000100	0.052000	3250.000000	861.738385	560.944639	-585.511354	1212.110190	430.963413	1176.496016	
0.912700	0.279525	0.848559	0.449237	-0.449596	0.529524	-0.719353	0.001700	0.009900	0.015700	0.000100	0.052000	3250.000000	455.487849	-1.426787	729.687571	1625.898930	0.470573	1168.957812	
0.912700	0.279525	0.848559	0.449237	-0.946927	0.159483	0.279094	0.001700	0.009900	0.015700	0.000100	0.052000	3250.000000	1584.227668	140.049485	-225.426210	1211.544004	691.859553	454.572919	
0.912700	0.279525	0.848559	0.449237	-0.140239	-0.430733	0.891517	0.001700	0.009900	0.015700	0.000100	0.052000	3250.000000	158.943818	483.649520	0.890540	1471.727799	-4.553265	1619.672974	
0.912700	0.279525	0.848559	0.449237	0.858756	-0.429378	0.279595	0.001700	0.009900	0.015700	0.000100	0.052000	3250.000000	1325.483544	-213.770514	594.287725	1469.833719	424.417088	455.027327	
0.912700	-0.279525	-0.848559	-0.449237	0.449596	-0.529524	0.719353	0.001700	0.009900	0.015700	0.000100	0.052000	3250.000000	455.487849	-1.426787	729.687571	1625.898930	0.470573	1168.957812	
0.912700	-0.279525	-0.848559	-0.449237	-0.672391	-0.160571	0.722570	0.001700	0.009900	0.015700	0.000100	0.052000	3250.000000	861.738385	560.944639	-585.511354	1212.110190	430.963413	1176.496016	
0.912700	-0.279525	-0.848559	-0.449237	-0.858756	0.429378	-0.279595	0.001700	0.009900	0.015700	0.000100	0.052000	3250.000000	1325.483544	-213.770514	594.287725	1469.833719	424.417088	455.027327	
0.912700	-0.279525	-0.848559	-0.449237	0.140239	0.430733	-0.891517	0.001700	0.009900	0.015700	0.000100	0.052000	3250.000000	158.943818	483.649520	0.890540	1471.727799	-4.553265	1619.672974	
0.912700	-0.279525	-0.848559	-0.449237	0.946927	-0.159483	-0.279094	0.001700	0.009900	0.015700	0.000100	0.052000	3250.000000	1584.227668	140.049485	-225.426210	1211.544004	691.859553	454.572919	
0.912700	-0.719353	0.529524	0.449596	0.668864	0.688830	0.279525	0.001700	0.009900	0.015700	0.000100	0.052000	3250.000000	1568.043375	129.719874	-221.760491	1226.813367	699.826521	455.487849	
0.912700	-0.719353	0.529524	0.449596	0.050075	0.691037	-0.721082	0.001700	0.009900	0.015700	0.000100	0.052000	3250.000000	845.050718	-562.814300	-584.291976	1231.763403	-422.907882	1173.530470	
0.912700	-0.719353	0.529524	0.449596	-0.641413	-0.260574	-0.721589	0.001700	0.009900	0.015700	0.000100	0.052000	3250.000000	1509.588029	-347.427641	226.579299	566.037829	692.483951	1174.718732	
0.912700	-0.719353	0.529524	0.449596	-0.449237	-0.848559	0.279525	0.001700	0.009900	0.015700	0.000100	0.052000	3250.000000	1168.957812	0.470573	-729.687571	1625.898930	1.426787	455.487849	
0.912700	-0.719353	0.529524	0.449596	0.361942	-0.261402	0.894800	0.001700	0.009900	0.015700	0.000100	0.052000	3250.000000	1053.875925	-772.812829	0.727283	566.740535	6.774875	1629.728130	
0.912700	0.719353	-0.529524	-0.449596	0.449237	0.848559	-0.279525	0.001700	0.009900	0.015700	0.000100	0.052000	3250.000000	1168.957812	0.470573	-729.687571	1625.898930	1.426787	455.487849	
0.912700	0.719353	-0.529524	-0.449596	0.641413	0.260574	0.721589	0.001700	0.009900	0.015700	0.000100	0.052000	3250.000000	1509.588029	-347.427641	226.579299	566.037829	692.483951	1174.718732	
0.912700	0.719353	-0.529524	-0.449596	-0.050075	-0.691037	0.721082	0.001700	0.009900	0.015700	0.000100	0.052000	3250.000000	845.050718	-562.814300	-584.291976	1231.763403	-422.907882	1173.530470	
0.912700	0.719353	-0.529524	-0.449596	-0.668864	-0.688830	-0.279525	0.001700	0.009900	0.015700	0.000100	0.052000	3250.000000	1568.043375	129.719874	-221.760491	1226.813367	699.826521	455.487849	
0.912700	0.719353	-0.529524	-0.449596	-0.361942	0.261402	-0.894800	0.001700	0.009900	0.015700	0.000100	0.052000	3250.000000	1053.875925	-772.812829	0.727283	566.740535	6.774875	1629.728130	
0.912700	-0.719353	-0.529524	0.449596	0.361942	0.261402	0.894800	0.001700	0.009900	0.015700	0.000100	0.052000	3250.000000	1053.875925	772.812829	0.727283	566.740535	-6.774875	1629.728130	
0.912700	-0.719353	-0.529524	0.449596	-0.449237	0.848559	0.279525	0.001700	0.009900	0.015700	0.000100	0.052000	3250.000000	1168.957812	-0.470573	-729.687571	1625.898930	-1.426787	455.487849	
0.912700	-0.719353	-0.529524	0.449596	-0.641413	0.260574	-0.721589	0.001700	0.009900	0.015700	0.000100	0.052000	3250.000000	1509.588029	347.427641	226.579299	566.037829	-692.483951	1174.718732	
0.912700	-0.719353	-0.529524	0.449596	0.050075	-0.691037	-0.721082	0.001700	0.009900	0.015700	0.000100	0.052000	3250.000000	845.050718	562.814300	-584.291976	1231.763403	422.907882	1173.530470	
0.912700	-0.719353	-0.529524	0.449596	0.668864	-0.688830	0.279525	0.001700	0.009900	0.015700	0.000100	0.052000	3250.000000	1568.043375	-129.719874	-221.760491	1226.813367	-699.826521	455.487849	
0.912700	0.719353	0.529524	-0.449596	-0.361942	-0.261402	-0.894800	0.001700	0.009900	0.015700	0.000100	0.052000	3250.000000	1053.875925	772.812829	0.727283	566.740535	-6.774875	1629.728130	
0.912700	0.719353	0.529524	-0.449596	-0.668864	0.688830	-0.279525	0.001700	0.009900	0.015700	0.000100	0.052000	3250.000000	1568.043375	-129.719874	-221.760491	1226.813367	-699.826521	455.487849	
0.912700	0.719353	0.529524	-0.449596	-0.050075	0.691037	0.721082	0.001700	0.009900	0.015700	0.000100	0.052000	3250.000000	845.050718	562.814300	-584.291976	1231.763403	422.907882	1173.530470	
0.912700	0.719353	0.529524	-0.449596	0.641413	-0.260574	0.721589	0.001700	0.009900	0.015700	0.000100	0.052000	3250.000000	1509.588029	347.427641	226.579299	566.037829	-692.483951	1174.718732	
0.912700	0.719353	0.529524	-0.449596	0.449237	-0.848559	-0.279525	0.001700	0.009900	0.015700	0.000100	0.052000	3250.000000	1168.957812	-0.470573	-729.687571	1625.898930	-1.426787	455.487849	
0.912700	0.279525	-0.848559	0.449237	0.858756	0.429378	0.279595	0.001700	0.009900	0.015700	0.000100	0.052000	3250.000000	1325.483544	213.770514	594.287725	1469.833719	-424.417088	455.027327	
0.912700	0.279525	-0.848559	0.449237	-0.140239	0.430733	0.891517	0.001700	0.009900	0.015700	0.000100	0.052000	3250.000000	158.943818	-483.649520	0.890540	1471.727799	4.553265	1619.672974	
0.912700	0.279525	-0.848559	0.449237	-0.946927	-0.159483	0.279094	0.001700	0.009900	0.015700	0.000100	0.052000	3250.000000	1584.227668	-140.049485	-225.426210	1211.544004	-691.859553	454.572919	
0.912700	0.279525	-0.848559	0.449237	-0.449596	-0.529524	-0.719353	0.001700	0.009900	0.015700	0.000100	0.052000	3250.000000	455.487849	1.426787	729.687571	1625.898930	-0.470573	1168.957812	
0.912700	0.279525	-0.848559	0.449237	0.672391	-0.160571	-0.722570	0.001700	0.009900	0.015700	0.000100	0.052000	3250.000000	861.738385	-560.944639	-585.511354	1212.110190	-430.963413	1176.496016	
0.912700	-0.279525	0.848559	-0.449237	0.946927	0.159483	-0.279094	0.001700	0.009900	0.015700	0.000100	0.052000	3250.000000	1584.227668	-140.049485	-225.426210	1211.544004	-691.859553	454.572919	
0.912700	-0.279525	0.848559	-0.449237	0.140239	-0.430733	-0.891517	0.001700	0.009900	0.015700	0.000100	0.052000	3250.000000	158.943818	-483.649520	0.890540	1471.727799	4.553265	1619.672974	
0.912700	-0.279525	0.848559	-0.449237	-0.858756	-0.429378	-0.279595	0.001700	0.009900	0.015700	0.000100	0.052000	3250.000000	1325.483544	213.770514	594.287725	1469.833719	-424.417088	455.027327	
0.912700	-0.279525	0.848559	-0.449237	-0.672391	0.160571	0.722570	0.001700	0.009900	0.015700	0.000100	0.052000	3250.000000	861.738385	-560.944639	-585.511354	1212.110190	-430.963413	1176.496016	
0.912700	-0.279525	0.848559	-0.449237	0.449596	0.529524	0.719353	0.001700	0.009900	0.015700	0.000100	0.052000	3250.000000	455.487849	1.426787	729.687571	1625.898930	-0.470573	1168.957812	
0.912700	0.892413	0.000000	0.451220	0.360704	0.591154	-0.721408	0.001700	0.009900	0.015700	0.000100	0.052000	3250.000000	1505.735104	346.538094	231.521402	567.937432	-693.076188	1176.672055	
0.912700	0.892413	0.000000	0.451220	-0.139965	0.949763	0.279930	0.001700	0.009900	0.015700	0.000100	0.052000	3250.000000	1326.125589	-216.039895	590.740431	1465.985004	432.079791	458.233997	
0.912700	0.892413	0.000000	0.451220	-0.451220	0.000000	0.892413	0.001700	0.009900	0.015700	0.000100	0.052000	3250.000000	1625.172295	0.000000	0.000000	0.000000	0.000000	1625.172295	
0.912700	0.892413	0.000000	0.451220	-0.139965	-0.949763	0.279930	0.001700	0.009900	0.015700	0.000100	0.052000	3250.000000	1326.125589	216.039895	590.740431	1465.985004	-432.079791	458.233997	
0.912700	0.892413	0.000000	0.451220	0.360704	-0.591154	-0.721408	0.001700	0.009900	0.015700	0.000100	0.052000	3250.000000	1505.735104	-346.538094	231.521402	567.937432	693.076188	1176.672055	
0.912700	-0.892413	0.000000	-0.451220	-0.360704	0.591154	0.721408	0.001700	0.009900	0.015700	0.000100	0.052000	3250.000000	1505.735104	-346.538094	231.521402	567.937432	693.076188	1176.672055	
0.912700	-0.892413	0.000000	-0.451220	0.139965	0.949763	-0.279930	0.001700	0.009900	0.015700	0.000100	0.052000	3250.000000	1326.125589	216.039895	590.740431	1465.985004	-432.079791	458.233997	
0.912700	-0.892413	0.000000	-0.451220	0.451220	0.000000	-0.892413	0.001700	0.009900	0.015700	0.000100	0.052000	3250.000000	1625.172295	0.000000	0.000000	0.000000	0.000000	1625.172295	
0.912700	-0.892413	0.000000	-0.451220	0.139965	-0.949763	-0.279930	0.001700	0.009900	0.015700	0.000100	0.052000	3250.000000	1326.125589	-216.039895	590.740431	1465.985004	432.079791	458.233997	
0.912700	-0.892413	0.000000	-0.451220	-0.360704	-0.591154	0.721408	0.001700	0.009900	0.015700	0.000100	0.052000	3250.000000	1505.735104	346.538094	231.521402	567.937432	-693.076188	1176.672055	
0.000000	1.000000	0.000000	0.000000	1.000000	0.000000	0.000000	0.001700	0.009900	0.015700	0.000100	0.052000	0.000000	0.000000	0.000000	0.000000	0.000000	0.000000	0.000000	
0.000000	1.000000	0.000000	0.000000	1.000000	0.000000	0.000000	0.001700	0.009900	0.015700	0.000100	0.052000	0.000000	0.000000	0.000000	0.000000	0.000000	0.000000	0.000000	
0.000000	1.000000	0.000000	0.000000	1.000000	0.000000	0.000000	0.001700	0.009900	0.015700	0.000100	0.052000	0.000000	0.000000	0.000000	0.000000	0.000000	0.000000	0.000000	
0.000000	1.000000	0.000000	0.000000	1.000000	0.000000	0.000000	0.001700	0.009900	0.015700	0.000100	0.052000	0.000000	0.000000	0.000000	0.000000	0.000000	0.000000	0.000000	
0.000000	1.000000	0.000000	0.000000	1.000000	0.000000	0.000000	0.001700	0.009900	0.015700	0.000100	0.052000	0.000000	0.000000	0.000000	0.000000	0.000000	0.000000	0.000000	
0.000000	1.000000	0.000000	0.000000	1.000000	0.000000	0.000000	0.001700	0.009900	0.015700	0.000100	0.052000	0.000000	0.000000	0.000000	0.000000	0.000000	0.000000	0.000000	
0.000000	1.000000	0.000000	0.000000	1.000000	0.000000	0.000000	0.001700	0.009900	0.015700	0.000100	0.052000	0.000000	0.000000	0.000000	0.000000	0.000000	0.000000	0.000000	
0.000000	1.000000	0.000000	0.000000	1.000000	0.000000	0.000000	0.001700	0.009900	0.015700	0.000100	0.052000	0.000000	0.000000	0.000000	0.000000	0.000000	0.000000	0.000000	
1.012550	0.000000	0.000000	1.000000	0.000000	0.000000	1.000000	0.001700	0.009900	0.015700	0.000100	0.052000	4000.000000	0.000000	0.000000	0.000000	0.000000	0.000000	4000.424111	
1.012550	0.000000	0.000000	-1.000000	0.000000	0.000000	-1.000000	0.001700	0.009900	0.015700	0.000100	0.052000	4000.000000	0.000000	0.000000	0.000000	0.000000	0.000000	4000.424111	
1.012550	0.279525	0.848559	0.449237	0.279525	0.848559	0.449237	0.001700	0.009900	0.015700	0.000100	0.052000	4000.000000	312.570511	948.874764	502.345463	2880.512677	1524.977300	807.340923	
1.012550	-0.279525	-0.848559	-0.449237	-0.279525	-0.848559	-0.449237	0.001700	0.009900	0.015700	0.000100	0.052000	4000.000000	312.570511	948.874764	502.345463	2880.512677	1524.977300	807.340923	
1.012550	-0.719353	0.529524	0.449596	-0.719353	0.529524	0.449596	0.001700	0.009900	0.015700	0.000100	0.052000	4000.000000	2070.093691	-1523.818967	-1293.808557	1121.700073	952.386854	808.630348	
1.012550	0.719353	-0.529524	-0.449596	0.719353	-0.529524	-0.449596	0.001700	0.009900	0.015700	0.000100	0.052000	4000.000000	2070.093691	-1523.818967	-1293.808557	1121.700073	952.386854	808.630348	
1.012550	-0.719353	-0.529524	0.449596	-0.719353	-0.529524	0.449596	0.001700	0.009900	0.015700	0.000100	0.052000	4000.000000	2070.093691	1523.818967	-1293.808557	1121.700073	-952.386854	808.630348	
1.012550	0.719353	0.529524	-0.449596	0.719353	0.529524	-0.449596	0.001700	0.009900	0.015700	0.000100	0.052000	4000.000000	2070.093691	1523.818967	-1293.808557	1121.700073	-952.386854	808.630348	
1.012550	0.279525	-0.848559	0.449237	0.279525	-0.848559	0.449237	0.001700	0.009900	0.015700	0.000100	0.052000	4000.000000	312.570511	-948.874764	502.345463	2880.512677	-1524.977300	807.340923	
1.012550	-0.279525	0.848559	-0.449237	-0.279525	0.848559	-0.449237	0.001700	0.009900	0.015700	0.000100	0.052000	4000.000000	312.570511	-948.874764	502.345463	2880.512677	-1524.977300	807.340923	
1.012550	0.892413	0.000000	0.451220	0.892413	0.000000	0.451220	0.001700	0.009900	0.015700	0.000100	0.052000	4000.000000	3185.940015	0.000000	1610.868547	0.000000	0.000000	814.484097	
1.012550	-0.892413	0.000000	-0.451220	-0.892413	0.000000	-0.451220	0.001700	0.009900	0.015700	0.000100	0.052000	4000.000000	3185.940015	0.000000	1610.868547	0.000000	0.000000	814.484097	
1.012550	0.000000	0.000000	1.000000	1.000000	0.000000	0.000000	0.001700	0.009900	0.015700	0.000100	0.052000	4000.000000	2000.212056	0.000000	-0.000000	0.000000	0.000000	2000.212056	
1.012550	0.000000	0.000000	1.000000	0.310217	0.950666	0.000000	0.001700	0.009900	0.015700	0.000100	0.052000	4000.000000	192.489864	589.888294	-0.000000	1807.722191	-0.000000	2000.212056	
1.012550	0.000000	0.000000	1.000000	-0.808304	0.588765	0.000000	0.001700	0.009900	0.015700	0.000100	0.052000	4000.000000	1306.850358	-951.903347	0.000000	693.361697	-0.000000	2000.212056	
1.012550	0.000000	0.000000	1.000000	-0.808304	-0.588765	0.000000	0.001700	0.009900	0.015700	0.000100	0.052000	4000.000000	1306.850358	951.903347	0.000000	693.361697	0.000000	2000.212056	
1.012550	0.000000	0.000000	1.000000	0.310217	-0.950666	0.000000	0.001700	0.009900	0.015700	0.000100	0.052000	4000.000000	192.489864	-589.888294	-0.000000	1807.722191	0.000000	2000.212056	
1.012550	0.000000	0.000000	-1.000000	-1.000000	0.000000	0.000000	0.001700	0.009900	0.015700	0.000100	0.052000	4000.000000	2000.212056	0.000000	-0.000000	0.000000	0.000000	2000.212056	
1.012550	0.000000	0.000000	-1.000000	-0.310217	0.950666	0.000000	0.001700	0.009900	0.015700	0.000100	0.052000	4000.000000	192.489864	-589.888294	-0.000000	1807.722191	0.000000	2000.212056	
1.012550	0.000000	0.000000	-1.000000	0.808304	0.588765	0.000000	0.001700	0.009900	0.015700	0.000100	0.052000	4000.000000	1306.850358	951.903347	0.000000	693.361697	0.000000	2000.212056	
1.012550	0.000000	0.000000	-1.000000	0.808304	-0.588765	0.000000	0.001700	0.009900	0.015700	0.000100	0.052000	4000.000000	1306.850358	-951.903347	0.000000	693.361697	-0.000000	2000.212056	
1.012550	0.000000	0.000000	-1.000000	-0.310217	-0.950666	0.000000	0.001700	0.009900	0.015700	0.000100	0.052000	4000.000000	192.489864	589.888294	-0.000000	1807.722191	-0.000000	2000.212056	
1.012550	0.279525	0.848559	0.449237	0.672391	0.160571	-0.722570	0.001700	0.009900	0.015700	0.000100	0.052000	4000.000000	1060.601090	690.393402	-720.629359	1491.827926	530.416509	1447.995096	
1.012550	0.279525	0.848559	0.449237	-0.449596	0.529524	-0.719353	0.001700	0.009900	0.015700	0.000100	0.052000	4000.000000	560.600429	-1.756045	898.077010	2001.106375	0.579167	1438.717307	
1.012550	0.279525	0.848559	0.449237	-0.946927	0.159483	0.279094	0.001700	0.009900	0.015700	0.000100	0.052000	4000.000000	1949.818668	172.368597	-277.447643	1491.131081	851.519450	559.474362	
1.012550	0.279525	0.848559	0.449237	-0.140239	-0.430733	0.891517	0.001700	0.009900	0.015700	0.000100	0.052000	4000.000000	195.623160	595.260948	1.096049	1811.357291	-5.604019	1993.443660	
1.012550	0.279525	0.848559	0.449237	0.858756	-0.429378	0.279595	0.001700	0.009900	0.015700	0.000100	0.052000	4000.000000	1631.364362	-263.102171	731.431046	1809.026115	522.359493	560.033634	
1.012550	-0.279525	-0.848559	-0.449237	0.449596	-0.529524	0.719353	0.001700	0.009900	0.015700	0.000100	0.052000	4000.000000	560.600429	-1.756045	898.077010	2001.106375	0.579167	1438.717307	
1.012550	-0.279525	-0.848559	-0.449237	-0.672391	-0.160571	0.722570	0.001700	0.009900	0.015700	0.000100	0.052000	4000.000000	1060.601090	690.393402	-720.629359	1491.827926	530.416509	1447.995096	
1.012550	-0.279525	-0.848559	-0.449237	-0.858756	0.429378	-0.279595	0.001700	0.009900	0.015700	0.000100	0.052000	4000.000000	1631.364362	-263.102171	731.431046	1809.026115	522.359493	560.033634	
1.012550	-0.279525	-0.848559	-0.449237	0.140239	0.430733	-0.891517	0.001700	0.009900	0.015700	0.000100	0.052000	4000.000000	195.623160	595.260948	1.096049	1811.357291	-5.604019	1993.443660	
1.012550	-0.279525	-0.848559	-0.449237	0.946927	-0.159483	-0.279094	0.001700	0.009900	0.015700	0.000100	0.052000	4000.000000	1949.818668	172.368597	-277.447643	1491.131081	851.519450	559.474362	
1.012550	-0.719353	0.529524	0.449596	0.668864	0.688830	0.279525	0.001700	0.009900	0.015700	0.000100	0.052000	4000.000000	1929.899538	159.655230	-272.935989	1509.924144	861.324949	560.600429	
1.012550	-0.719353	0.529524	0.449596	0.050075	0.691037	-0.721082	0.001700	0.009900	0.015700	0.000100	0.052000	4000.000000	1040.062422	-692.694523	-719.128585	1516.016495	-520.502008	1444.345194	
1.012550	-0.719353	0.529524	0.449596	-0.641413	-0.260574	-0.721589	0.001700	0.009900	0.015700	0.000100	0.052000	4000.000000	1857.954497	-427.603250	278.866830	696.661944	852.287940	1445.807671	
1.012550	-0.719353	0.529524	0.449596	-0.449237	-0.848559	0.279525	0.001700	0.009900	0.015700	0.000100	0.052000	4000.000000	1438.717307	0.579167	-898.077010	2001.106375	1.756045	560.600429	
1.012550	-0.719353	0.529524	0.449596	0.361942	-0.261402	0.894800	0.001700	0.009900	0.015700	0.000100	0.052000	4000.000000	1297.078062	-951.154251	0.895118	697.526813	8.338308	2005.819237	
1.012550	0.719353	-0.529524	-0.449596	0.449237	0.848559	-0.279525	0.001700	0.009900	0.015700	0.000100	0.052000	4000.000000	1438.717307	0.579167	-898.077010	2001.106375	1.756045	560.600429	
1.012550	0.719353	-0.529524	-0.449596	0.641413	0.260574	0.721589	0.001700	0.009900	0.015700	0.000100	0.052000	4000.000000	1857.954497	-427.603250	278.866830	696.661944	852.287940	1445.807671	
1.012550	0.719353	-0.529524	-0.449596	-0.050075	-0.691037	0.721082	0.001700	0.009900	0.015700	0.000100	0.052000	4000.000000	1040.062422	-692.694523	-719.128585	1516.016495	-520.502008	1444.345194	
1.012550	0.719353	-0.529524	-0.449596	-0.668864	-0.688830	-0.279525	0.001700	0.009900	0.015700	0.000100	0.052000	4000.000000	1929.899538	159.655230	-272.935989	1509.924144	861.324949	560.600429	
1.012550	0.719353	-0.529524	-0.449596	-0.361942	0.261402	-0.894800	0.001700	0.009900	0.015700	0.000100	0.052000	4000.000000	1297.078062	-951.154251	0.895118	697.526813	8.338308	2005.819237	
1.012550	-0.719353	-0.529524	0.449596	0.361942	0.261402	0.894800	0.001700	0.009900	0.015700	0.000100	0.052000	4000.000000	1297.078062	951.154251	0.895118	697.526813	-8.338308	2005.819237	
1.012550	-0.719353	-0.529524	0.449596	-0.449237	0.848559	0.279525	0.001700	0.009900	0.015700	0.000100	0.052000	4000.000000	1438.717307	-0.579167	-898.077010	2001.106375	-1.756045	560.600429	
1.012550	-0.719353	-0.529524	0.449596	-0.641413	0.260574	-0.721589	0.001700	0.009900	0.015700	0.000100	0.052000	4000.000000	1857.954497	427.603250	278.866830	696.661944	-852.287940	1445.807671	
1.012550	-0.719353	-0.529524	0.449596	0.050075	-0.691037	-0.721082	0.001700	0.009900	0.015700	0.000100	0.052000	4000.000000	1040.062422	692.694523	-719.128585	1516.016495	520.502008	1444.345194	
1.012550	-0.719353	-0.529524	0.449596	0.668864	-0.688830	0.279525	0.001700	0.009900	0.015700	0.000100	0.052000	4000.000000	1929.899538	-159.655230	-272.935989	1509.924144	-861.324949	560.600429	
1.012550	0.719353	0.529524	-0.449596	-0.361942	-0.261402	-0.894800	0.001700	0.009900	0.015700	0.000100	0.052000	4000.000000	1297.078062	951.154251	0.895118	697.526813	-8.338308	2005.819237	
1.012550	0.719353	0.529524	-0.449596	-0.668864	0.688830	-0.279525	0.001700	0.009900	0.015700	0.000100	0.052000	4000.000000	1929.899538	-159.655230	-272.935989	1509.924144	-861.324949	560.600429	
1.012550	0.719353	0.529524	-0.449596	-0.050075	0.691037	0.721082	0.001700	0.009900	0.015700	0.000100	0.052000	4000.000000	1040.062422	692.694523	-719.128585	1516.016495	520.502008	1444.345194	
1.012550	0.719353	0.529524	-0.449596	0.641413	-0.260574	0.721589	0.001700	0.009900	0.015700	0.000100	0.052000	4000.000000	1857.954497	427.603250	278.866830	696.661944	-852.287940	1445.807671	
1.012550	0.719353	0.529524	-0.449596	0.449237	-0.848559	-0.279525	0.001700	0.009900	0.015700	0.000100	0.052000	4000.000000	1438.717307	-0.579167	-898.077010	2001.106375	-1.756045	560.600429	
1.012550	0.279525	-0.848559	0.449237	0.858756	0.429378	0.279595	0.001700	0.009900	0.015700	0.000100	0.052000	4000.000000	1631.364362	263.102171	731.431046	1809.026115	-522.359493	560.033634	
1.012550	0.279525	-0.848559	0.449237	-0.140239	0.430733	0.891517	0.001700	0.009900	0.015700	0.000100	0.052000	4000.000000	195.623160	-595.260948	1.096049	1811.357291	5.604019	1993.443660	
1.012550	0.279525	-0.848559	0.449237	-0.946927	-0.159483	0.279094	0.001700	0.009900	0.015700	0.000100	0.052000	4000.000000	1949.818668	-172.368597	-277.447643	1491.131081	-851.519450	559.474362	
1.012550	0.279525	-0.848559	0.449237	-0.449596	-0.529524	-0.719353	0.001700	0.009900	0.015700	0.000100	0.052000	4000.000000	560.600429	1.756045	898.077010	2001.106375	-0.579167	1438.717307	
1.012550	0.279525	-0.848559	0.449237	0.672391	-0.160571	-0.722570	0.001700	0.009900	0.015700	0.000100	0.052000	4000.000000	1060.601090	-690.393402	-720.629359	1491.827926	-530.416509	1447.995096	
1.012550	-0.279525	0.848559	-0.449237	0.946927	0.159483	-0.279094	0.001700	0.009900	0.015700	0.000100	0.052000	4000.000000	1949.818668	-172.368597	-277.447643	1491.131081	-851.519450	559.474362	
1.012550	-0.279525	0.848559	-0.449237	0.140239	-0.430733	-0.891517	0.001700	0.009900	0.015700	0.000100	0.052000	4000.000000	195.623160	-595.260948	1.096049	1811.357291	5.604019	1993.443660	
1.012550	-0.279525	0.848559	-0.449237	-0.858756	-0.429378	-0.279595	0.001700	0.009900	0.015700	0.000100	0.052000	4000.000000	1631.364362	263.102171	731.431046	1809.026115	-522.359493	560.033634	
1.012550	-0.279525	0.848559	-0.449237	-0.672391	0.160571	0.722570	0.001700	0.009900	0.015700	0.000100	0.052000	4000.000000	1060.601090	-690.393402	-720.629359	1491.827926	-530.416509	1447.995096	
1.012550	-0.279525	0.848559	-0.449237	0.449596	0.529524	0.719353	0.001700	0.009900	0.015700	0.000100	0.052000	4000.000000	560.600429	1.756045	898.077010	2001.106375	-0.579167	1438.717307	
1.012550	0.892413	0.000000	0.451220	0.360704	0.591154	-0.721408	0.001700	0.009900	0.015700	0.000100	0.052000	4000.000000	1853.212435	426.508423	284.949418	698.999916	-853.016847	1448.211760	
1.012550	0.892413	0.000000	0.451220	-0.139965	0.949763	0.279930	0.001700	0.009900	0.015700	0.000100	0.052000	4000.000000	1632.154571	-265.895256	727.065145	1804.289236	531.790512	563.980304	
1.012550	0.892413	0.000000	0.451220	-0.451220	0.000000	0.892413	0.001700	0.009900	0.015700	0.000100	0.052000	4000.000000	2000.212056	0.000000	-0.000000	0.000000	0.000000	2000.212056	
1.012550	0.892413	0.000000	0.451220	-0.139965	-0.949763	0.279930	0.001700	0.009900	0.015700	0.000100	0.052000	4000.000000	1632.154571	265.895256	727.065145	1804.289236	-531.790512	563.980304	
1.012550	0.892413	0.000000	0.451220	0.360704	-0.591154	-0.721408	0.001700	0.009900	0.015700	0.000100	0.052000	4000.000000	1853.212435	-426.508423	284.949418	698.999916	853.016847	1448.211760	
1.012550	-0.892413	0.000000	-0.451220	-0.360704	0.591154	0.721408	0.001700	0.009900	0.015700	0.000100	0.052000	4000.000000	1853.212435	-426.508423	284.949418	698.999916	853.016847	1448.211760	
1.012550	-0.892413	0.000000	-0.451220	0.139965	0.949763	-0.279930	0.001700	0.009900	0.015700	0.000100	0.052000	4000.000000	1632.154571	265.895256	727.065145	1804.289236	-531.790512	563.980304	
1.012550	-0.892413	0.000000	-0.451220	0.451220	0.000000	-0.892413	0.001700	0.009900	0.015700	0.000100	0.052000	4000.000000	2000.212056	0.000000	-0.000000	0.000000	0.000000	2000.212056	
1.012550	-0.892413	0.000000	-0.451220	0.139965	-0.949763	-0.279930	0.001700	0.009900	0.015700	0.000100	0.052000	4000.000000	1632.154571	-265.895256	727.065145	1804.289236	531.790512	563.980304	
1.012550	-0.892413	0.000000	-0.451220	-0.360704	-0.591154	0.721408	0.001700	0.009900	0.015700	0.000100	0.052000	4000.000000	1853.212435	426.508423	284.949418	698.999916	-853.016847	1448.211760	
0.000000	1.000000	0.000000	0.000000	1.000000	0.000000	0.000000	0.001700	0.004900	0.015700	0.000100	0.052000	0.000000	0.000000	0.000000	0.000000	0.000000	0.000000	0.000000	
0.000000	1.000000	0.000000	0.000000	1.000000	0.000000	0.000000	0.001700	0.004900	0.015700	0.000100	0.052000	0.000000	0.000000	0.000000	0.000000	0.000000	0.000000	0.000000	
0.000000	1.000000	0.000000	0.000000	1.000000	0.000000	0.000000	0.001700	0.004900	0.015700	0.000100	0.052000	0.000000	0.000000	0.000000	0.000000	0.000000	0.000000	0.000000	
0.000000	1.000000	0.000000	0.000000	1.000000	0.000000	0.000000	0.001700	0.004900	0.015700	0.000100	0.052000	0.000000	0.000000	0.000000	0.000000	0.000000	0.000000	0.000000	
0.000000	1.000000	0.000000	0.000000	1.000000	0.000000	0.000000	0.001700	0.004900	0.015700	0.000100	0.052000	0.000000	0.000000	0.000000	0.000000	0.000000	0.000000	0.000000	
0.000000	1.000000	0.000000	0.000000	1.000000	0.000000	0.000000	0.001700	0.004900	0.015700	0.000100	0.052000	0.000000	0.000000	0.000000	0.000000	0.000000	0.000000	0.000000	
0.000000	1.000000	0.000000	0.000000	1.000000	0.000000	0.000000	0.001700	0.004900	0.015700	0.000100	0.052000	0.000000	0.000000	0.000000	0.000000	0.000000	0.000000	0.000000	
0.000000	1.000000	0.000000	0.000000	1.000000	0.000000	0.000000	0.001700	0.004900	0.015700	0.000100	0.052000	0.000000	0.000000	0.000000	0.000000	0.000000	0.000000	0.000000	
1.477100	0.000000	0.000000	1.000000	0.000000	0.000000	1.000000	0.001700	0.004900	0.015700	0.000100	0.052000	4000.000000	0.000000	0.000000	0.000000	0.000000	0.000000	4000.902433	
1.477100	0.000000	0.000000	-1.000000	0.000000	0.000000	-1.000000	0.001700	0.004900	0.015700	0.000100	0.052000	4000.000000	0.000000	0.000000	0.000000	0.000000	0.000000	4000.902433	
1.477100	0.279525	0.848559	0.449237	0.279525	0.848559	0.449237	0.001700	0.004900	0.015700	0.000100	0.052000	4000.000000	312.607884	948.988219	502.405528	2880.857093	1525.159638	807.437455	
1.477100	-0.279525	-0.848559	-0.449237	-0.279525	-0.848559	-0.449237	0.001700	0.004900	0.015700	0.000100	0.052000	4000.000000	312.607884	948.988219	502.405528	2880.857093	1525.159638	807.437455	
1.477100	-0.719353	0.529524	0.449596	-0.719353	0.529524	0.449596	0.001700	0.004900	0.015700	0.000100	0.052000	4000.000000	2070.341207	-1524.001166	-1293.963254	1121.834192	952.500729	808.727034	
1.477100	0.719353	-0.529524	-0.449596	0.719353	-0.529524	-0.449596	0.001700	0.004900	0.015700	0.000100	0.052000	4000.000000	2070.341207	-1524.001166	-1293.963254	1121.834192	952.500729	808.727034	
1.477100	-0.719353	-0.529524	0.449596	-0.719353	-0.529524	0.449596	0.001700	0.004900	0.015700	0.000100	0.052000	4000.000000	2070.341207	1524.001166	-1293.963254	1121.834192	-952.500729	808.727034	
1.477100	0.719353	0.529524	-0.449596	0.719353	0.529524	-0.449596	0.001700	0.004900	0.015700	0.000100	0.052000	4000.000000	2070.341207	1524.001166	-1293.963254	1121.834192	-952.500729	808.727034	
1.477100	0.279525	-0.848559	0.449237	0.279525	-0.848559	0.449237	0.001700	0.004900	0.015700	0.000100	0.052000	4000.000000	312.607884	-948.988219	502.405528	2880.857093	-1525.159638	807.437455	
1.477100	-0.279525	0.848559	-0.449237	-0.279525	0.848559	-0.449237	0.001700	0.004900	0.015700	0.000100	0.052000	4000.000000	312.607884	-948.988219	502.405528	2880.857093	-1525.159638	807.437455	
1.477100	0.892413	0.000000	0.451220	0.892413	0.000000	0.451220	0.001700	0.004900	0.015700	0.000100	0.052000	4000.000000	3186.320950	0.000000	1611.061154	0.000000	0.000000	814.581483	
1.477100	-0.892413	0.000000	-0.451220	-0.892413	0.000000	-0.451220	0.001700	0.004900	0.015700	0.000100	0.052000	4000.000000	3186.320950	0.000000	1611.061154	0.000000	0.000000	814.581483	
1.477100	0.000000	0.000000	1.000000	1.000000	0.000000	0.000000	0.001700	0.004900	0.015700	0.000100	0.052000	4000.000000	2000.451216	0.000000	-0.000000	0.000000	0.000000	2000.451216	
1.477100	0.000000	0.000000	1.000000	0.310217	0.950666	0.000000	0.001700	0.004900	0.015700	0.000100	0.052000	4000.000000	192.512880	589.958826	-0.000000	1807.938336	-0.000000	2000.451216	
1.477100	0.000000	0.000000	1.000000	-0.808304	0.588765	0.000000	0.001700	0.004900	0.015700	0.000100	0.052000	4000.000000	1307.006615	-952.017164	0.000000	693.444601	-0.000000	2000.451216	
1.477100	0.000000	0.000000	1.000000	-0.808304	-0.588765	0.000000	0.001700	0.004900	0.015700	0.000100	0.052000	4000.000000	1307.006615	952.017164	0.000000	693.444601	0.000000	2000.451216	
1.477100	0.000000	0.000000	1.000000	0.310217	-0.950666	0.000000	0.001700	0.004900	0.015700	0.000100	0.052000	4000.000000	192.512880	-589.958826	-0.000000	1807.938336	0.000000	2000.451216	
1.477100	0.000000	0.000000	-1.000000	-1.000000	0.000000	0.000000	0.001700	0.004900	0.015700	0.000100	0.052000	4000.000000	2000.451216	0.000000	-0.000000	0.000000	0.000000	2000.451216	
1.477100	0.000000	0.000000	-1.000000	-0.310217	0.950666	0.000000	0.001700	0.004900	0.015700	0.000100	0.052000	4000.000000	192.512880	-589.958826	-0.000000	1807.938336	0.000000	2000.451216	
1.477100	0.000000	0.000000	-1.000000	0.808304	0.588765	0.000000	0.001700	0.004900	0.015700	0.000100	0.052000	4000.000000	1307.006615	952.017164	0.000000	693.444601	0.000000	2000.451216	
1.477100	0.000000	0.000000	-1.000000	0.808304	-0.588765	0.000000	0.001700	0.004900	0.015700	0.000100	0.052000	4000.000000	1307.006615	-952.017164	0.000000	693.444601	-0.000000	2000.451216	
1.477100	0.000000	0.000000	-1.000000	-0.310217	-0.950666	0.000000	0.001700	0.004900	0.015700	0.000100	0.052000	4000.000000	192.512880	589.958826	-0.000000	1807.938336	-0.000000	2000.451216	
1.477100	0.279525	0.848559	0.449237	0.672391	0.160571	-0.722570	0.001700	0.004900	0.015700	0.000100	0.052000	4000.000000	1060.727903	690.475951	-720.715523	1492.006300	530.479930	1448.168230	
1.477100	0.279525	0.848559	0.449237	-0.449596	0.529524	-0.719353	0.001700	0.004900	0.015700	0.000100	0.052000	4000.000000	560.667459	-1.756255	898.184391	2001.345643	0.579236	1438.889331	
1.477100	0.279525	0.848559	0.449237	-0.946927	0.159483	0.279094	0.001700	0.004900	0.015700	0.000100	0.052000	4000.000000	1950.051804	172.389206	-277.480816	1491.309372	851.621264	559.541257	
1.477100	0.279525	0.848559	0.449237	-0.140239	-0.430733	0.891517	0.001700	0.004900	0.015700	0.000100	0.052000	4000.000000	195.646551	595.332122	1.096180	1811.573871	-5.604689	1993.682011	
1.477100	0.279525	0.848559	0.449237	0.858756	-0.429378	0.279595	0.001700	0.004900	0.015700	0.000100	0.052000	4000.000000	1631.559421	-263.133630	731.518501	1809.242416	522.421950	560.100596	
1.477100	-0.279525	-0.848559	-0.449237	0.449596	-0.529524	0.719353	0.001700	0.004900	0.015700	0.000100	0.052000	4000.000000	560.667459	-1.756255	898.184391	2001.345643	0.579236	1438.889331	
1.477100	-0.279525	-0.848559	-0.449237	-0.672391	-0.160571	0.722570	0.001700	0.004900	0.015700	0.000100	0.052000	4000.000000	1060.727903	690.475951	-720.715523	1492.006300	530.479930	1448.168230	
1.477100	-0.279525	-0.848559	-0.449237	-0.858756	0.429378	-0.279595	0.001700	0.004900	0.015700	0.000100	0.052000	4000.000000	1631.559421	-263.133630	731.518501	1809.242416	522.421950	560.100596	
1.477100	-0.279525	-0.848559	-0.449237	0.140239	0.430733	-0.891517	0.001700	0.004900	0.015700	0.000100	0.052000	4000.000000	195.646551	595.332122	1.096180	1811.573871	-5.604689	1993.682011	
1.477100	-0.279525	-0.848559	-0.449237	0.946927	-0.159483	-0.279094	0.001700	0.004900	0.015700	0.000100	0.052000	4000.000000	1950.051804	172.389206	-277.480816	1491.309372	851.621264	559.541257	
1.477100	-0.719353	0.529524	0.449596	0.668864	0.688830	0.279525	0.001700	0.004900	0.015700	0.000100	0.052000	4000.000000	1930.130291	159.674320	-272.968623	1510.104682	861.427936	560.667459	
1.477100	-0.719353	0.529524	0.449596	0.050075	0.691037	-0.721082	0.001700	0.004900	0.015700	0.000100	0.052000	4000.000000	1040.186780	-692.777346	-719.214570	1516.197762	-520.564244	1444.517891	
1.477100	-0.719353	0.529524	0.449596	-0.641413	-0.260574	-0.721589	0.001700	0.004900	0.015700	0.000100	0.052000	4000.000000	1858.176648	-427.654377	278.900173	696.745242	852.389846	1445.980542	
1.477100	-0.719353	0.529524	0.449596	-0.449237	-0.848559	0.279525	0.001700	0.004900	0.015700	0.000100	0.052000	4000.000000	1438.889331	0.579236	-898.184391	2001.345643	1.756255	560.667459	
1.477100	-0.719353	0.529524	0.449596	0.361942	-0.261402	0.894800	0.001700	0.004900	0.015700	0.000100	0.052000	4000.000000	1297.233150	-951.267978	0.895225	697.610214	8.339305	2006.059068	
1.477100	0.719353	-0.529524	-0.449596	0.449237	0.848559	-0.279525	0.001700	0.004900	0.015700	0.000100	0.052000	4000.000000	1438.889331	0.579236	-898.184391	2001.345643	1.756255	560.667459	
1.477100	0.719353	-0.529524	-0.449596	0.641413	0.260574	0.721589	0.001700	0.004900	0.015700	0.000100	0.052000	4000.000000	1858.176648	-427.654377	278.900173	696.745242	852.389846	1445.980542	
1.477100	0.719353	-0.529524	-0.449596	-0.050075	-0.691037	0.721082	0.001700	0.004900	0.015700	0.000100	0.052000	4000.000000	1040.186780	-692.777346	-719.214570	1516.197762	-520.564244	1444.517891	
1.477100	0.719353	-0.529524	-0.449596	-0.668864	-0.688830	-0.279525	0.001700	0.004900	0.015700	0.000100	0.052000	4000.000000	1930.130291	159.674320	-272.968623	1510.104682	861.427936	560.667459	
1.477100	0.719353	-0.529524	-0.449596	-0.361942	0.261402	-0.894800	0.001700	0.004900	0.015700	0.000100	0.052000	4000.000000	1297.233150	-951.267978	0.895225	697.610214	8.339305	2006.059068	
1.477100	-0.719353	-0.529524	0.449596	0.361942	0.261402	0.894800	0.001700	0.004900	0.015700	0.000100	0.052000	4000.000000	1297.233150	951.267978	0.895225	697.610214	-8.339305	2006.059068	
1.477100	-0.719353	-0.529524	0.449596	-0.449237	0.848559	0.279525	0.001700	0.004900	0.015700	0.000100	0.052000	4000.000000	1438.889331	-0.579236	-898.184391	2001.345643	-1.756255	560.667459	
1.477100	-0.719353	-0.529524	0.449596	-0.641413	0.260574	-0.721589	0.001700	0.004900	0.015700	0.000100	0.052000	4000.000000	1858.176648	427.654377	278.900173	696.745242	-852.389846	1445.980542	
1.477100	-0.719353	-0.529524	0.449596	0.050075	-0.691037	-0.721082	0.001700	0.004900	0.015700	0.000100	0.052000	4000.000000	1040.186780	692.777346	-719.214570	1516.197762	520.564244	1444.517891	
1.477100	-0.719353	-0.529524	0.449596	0.668864	-0.688830	0.279525	0.001700	0.004900	0.015700	0.000100	0.052000	4000.000000	1930.130291	-159.674320	-272.968623	1510.104682	-861.427936	560.667459	
1.477100	0.719353	0.529524	-0.449596	-0.361942	-0.261402	-0.894800	0.001700	0.004900	0.015700	0.000100	0.052000	4000.000000	1297.233150	951.267978	0.895225	697.610214	-8.339305	2006.059068	
1.477100	0.719353	0.529524	-0.449596	-0.668864	0.688830	-0.279525	0.001700	0.004900	0.015700	0.000100	0.052000	4000.000000	1930.130291	-159.674320	-272.968623	1510.104682	-861.427936	560.667459	
1.477100	0.719353	0.529524	-0.449596	-0.050075	0.691037	0.721082	0.001700	0.004900	0.015700	0.000100	0.052000	4000.000000	1040.186780	692.777346	-719.214570	1516.197762	520.564244	1444.517891	
1.477100	0.719353	0.529524	-0.449596	0.641413	-0.260574	0.721589	0.001700	0.004900	0.015700	0.000100	0.052000	4000.000000	1858.176648	427.654377	278.900173	696.745242	-852.389846	1445.980542	
1.477100	0.719353	0.529524	-0.449596	0.449237	-0.848559	-0.279525	0.001700	0.004900	0.015700	0.000100	0.052000	4000.000000	1438.889331	-0.579236	-898.184391	2001.345643	-1.756255	560.667459	
1.477100	0.279525	-0.848559	0.449237	0.858756	0.429378	0.279595	0.001700	0.004900	0.015700	0.000100	0.052000	4000.000000	1631.559421	263.133630	731.518501	1809.242416	-522.421950	560.100596	
1.477100	0.279525	-0.848559	0.449237	-0.140239	0.430733	0.891517	0.001700	0.004900	0.015700	0.000100	0.052000	4000.000000	195.646551	-595.332122	1.096180	1811.573871	5.604689	1993.682011	
1.477100	0.279525	-0.848559	0.449237	-0.946927	-0.159483	0.279094	0.001700	0.004900	0.015700	0.000100	0.052000	4000.000000	1950.051804	-172.389206	-277.480816	1491.309372	-851.621264	559.541257	
1.477100	0.279525	-0.848559	0.449237	-0.449596	-0.529524	-0.719353	0.001700	0.004900	0.015700	0.000100	0.052000	4000.000000	560.667459	1.756255	898.184391	2001.345643	-0.579236	1438.889331	
1.477100	0.279525	-0.848559	0.449237	0.672391	-0.160571	-0.722570	0.001700	0.004900	0.015700	0.000100	0.052000	4000.000000	1060.727903	-690.475951	-720.715523	1492.006300	-530.479930	1448.168230	
1.477100	-0.279525	0.848559	-0.449237	0.946927	0.159483	-0.279094	0.001700	0.004900	0.015700	0.000100	0.052000	4000.000000	1950.051804	-172.389206	-277.480816	1491.309372	-851.621264	559.541257	
1.477100	-0.279525	0.848559	-0.449237	0.140239	-0.430733	-0.891517	0.001700	0.004900	0.015700	0.000100	0.052000	4000.000000	195.646551	-595.332122	1.096180	1811.573871	5.604689	1993.682011	
1.477100	-0.279525	0.848559	-0.449237	-0.858756	-0.429378	-0.279595	0.001700	0.004900	0.015700	0.000100	0.052000	4000.000000	1631.559421	263.133630	731.518501	1809.242416	-522.421950	560.100596	
1.477100	-0.279525	0.848559	-0.449237	-0.672391	0.160571	0.722570	0.001700	0.004900	0.015700	0.000100	0.052000	4000.000000	1060.727903	-690.475951	-720.715523	1492.006300	-530.479930	1448.168230	
1.477100	-0.279525	0.848559	-0.449237	0.449596	0.529524	0.719353	0.001700	0.004900	0.015700	0.000100	0.052000	4000.000000	560.667459	1.756255	898.184391	2001.345643	-0.579236	1438.889331	
1.477100	0.892413	0.000000	0.451220	0.360704	0.591154	-0.721408	0.001700	0.004900	0.015700	0.000100	0.052000	4000.000000	1853.434019	426.559420	284.983488	699.083494	-853.118840	1448.384919	
1.477100	0.892413	0.000000	0.451220	-0.139965	0.949763	0.279930	0.001700	0.004900	0.015700	0.000100	0.052000	4000.000000	1632.349724	-265.927048	727.152079	1804.504970	531.854096	564.047738	
1.477100	0.892413	0.000000	0.451220	-0.451220	0.000000	0.892413	0.001700	0.004900	0.015700	0.000100	0.052000	4000.000000	2000.451216	0.000000	0.000000	0.000000	0.000000	2000.451216	
1.477100	0.892413	0.000000	0.451220	-0.139965	-0.949763	0.279930	0.001700	0.004900	0.015700	0.000100	0.052000	4000.000000	1632.349724	265.927048	727.152079	1804.504970	-531.854096	564.047738	
1.477100	0.892413	0.000000	0.451220	0.360704	-0.591154	-0.721408	0.001700	0.004900	0.015700	0.000100	0.052000	4000.000000	1853.434019	-426.559420	284.983488	699.083494	853.118840	1448.384919	
1.477100	-0.892413	0.000000	-0.451220	-0.360704	0.591154	0.721408	0.001700	0.004900	0.015700	0.000100	0.052000	4000.000000	1853.434019	-426.559420	284.983488	699.083494	853.118840	1448.384919	
1.477100	-0.892413	0.000000	-0.451220	0.139965	0.949763	-0.279930	0.001700	0.004900	0.015700	0.000100	0.052000	4000.000000	1632.349724	265.927048	727.152079	1804.504970	-531.854096	564.047738	
1.477100	-0.892413	0.000000	-0.451220	0.451220	0.000000	-0.892413	0.001700	0.004900	0.015700	0.000100	0.052000	4000.000000	2000.451216	0.000000	0.000000	0.000000	0.000000	2000.451216	
1.477100	-0.892413	0.000000	-0.451220	0.139965	-0.949763	-0.279930	0.001700	0.004900	0.015700	0.000100	0.052000	4000.000000	1632.349724	-265.927048	727.152079	1804.504970	531.854096	564.047738	
1.477100	-0.892413	0.000000	-0.451220	-0.360704	-0.591154	0.721408	0.001700	0.004900	0.015700	0.000100	0.052000	4000.000000	1853.434019	426.559420	284.983488	699.083494	-853.118840	1448.384919	
