0.061700 0.000000 0.000000 0.000000 0.032800 0.051600 0.000900 0.100000 7.500000 0.000000
0.061700 0.000000 0.000000 0.000000 0.032800 0.051600 0.000900 0.100000 7.500000 0.000000
0.061700 0.000000 0.000000 0.000000 0.032800 0.051600 0.000900 0.100000 7.500000 0.000000
0.061700 0.000000 0.000000 0.000000 0.032800 0.051600 0.000900 0.100000 7.500000 0.000000
0.061700 0.000000 0.000000 0.000000 0.032800 0.051600 0.000900 0.100000 7.500000 0.000000
0.061700 0.000000 0.000000 0.000000 0.032800 0.051600 0.000900 0.100000 7.500000 0.000000
0.061700 0.000000 0.000000 0.000000 0.032800 0.051600 0.000900 0.100000 7.500000 0.000000
0.061700 0.000000 0.000000 0.000000 0.032800 0.051600 0.000900 0.100000 7.500000 0.000000
0.061700 0.000000 0.000000 0.000000 0.032800 0.051600 0.000900 0.100000 7.500000 0.000000
0.061700 0.000000 0.000000 0.000000 0.032800 0.051600 0.000900 0.100000 7.500000 0.000000
0.061700 0.000000 0.000000 0.000000 0.032800 0.051600 0.000900 0.100000 7.500000 0.000000
0.061700 0.000000 0.000000 0.000000 0.032800 0.051600 0.000900 0.100000 7.500000 0.000000
0.061700 0.000000 0.000000 0.000000 0.032800 0.051600 0.000900 0.100000 7.500000 0.000000
0.061700 0.000000 0.000000 0.000000 0.032800 0.051600 0.000900 0.100000 7.500000 0.000000
0.061700 0.000000 0.000000 0.000000 0.032800 0.051600 0.000900 0.100000 7.500000 0.000000
0.061700 0.000000 0.000000 0.000000 0.032800 0.051600 0.000900 0.100000 7.500000 0.000000
0.061700 0.000000 0.000000 0.000000 0.032800 0.051600 0.000900 0.100000 7.500000 0.000000
0.061700 0.000000 0.000000 0.000000 0.032800 0.051600 0.000900 0.100000 7.500000 0.000000
0.061700 0.000000 0.000000 0.000000 0.032800 0.051600 0.000900 0.100000 7.500000 0.000000
0.061700 0.000000 0.000000 0.000000 0.032800 0.051600 0.000900 0.100000 7.500000 0.000000
0.061700 0.545994 -0.579251 -0.605275 0.032800 0.051600 0.000900 0.100000 7.500000 141.000000
0.061700 0.597535 -0.595299 0.537187 0.032800 0.051600 0.000900 0.100000 7.500000 141.000000
0.061700 -0.577654 -0.561139 0.592823 0.032800 0.051600 0.000900 0.100000 7.500000 141.000000
0.061700 -0.061747 -0.025458 -0.997767 0.032800 0.051600 0.000900 0.100000 7.500000 187.000000
0.061700 -0.048278 -0.998834 0.000709 0.032800 0.051600 0.000900 0.100000 7.500000 187.000000
0.061700 -0.737150 -0.672392 0.067070 0.032800 0.051600 0.000900 0.100000 7.500000 374.999991
0.061700 0.674222 -0.737359 -0.041550 0.032800 0.051600 0.000900 0.100000 7.500000 375.000001
0.061700 0.753797 -0.036869 0.656072 0.032800 0.051600 0.000900 0.100000 7.500000 374.999994
0.061700 0.029141 -0.697272 0.716214 0.032800 0.051600 0.000900 0.100000 7.500000 374.999994
0.061700 -0.090759 -0.713408 -0.694847 0.032800 0.051600 0.000900 0.100000 7.500000 374.999996
0.061700 0.239781 -0.342617 -0.908361 0.032800 0.051600 0.000900 0.100000 7.500000 516.000199
0.061700 -0.301152 -0.900067 0.314941 0.032800 0.051600 0.000900 0.100000 7.500000 516.000203
0.061700 -0.297406 -0.896052 0.329606 0.032800 0.051600 0.000900 0.100000 7.500000 516.000201
0.061700 -0.934750 -0.274023 -0.226172 0.032800 0.051600 0.000900 0.100000 7.500000 516.000202
0.061700 0.234042 -0.919215 -0.316651 0.032800 0.051600 0.000900 0.100000 7.500000 516.000202
0.061700 -0.334338 -0.904172 -0.265878 0.032800 0.051600 0.000900 0.100000 7.500000 516.000197
0.061700 -0.342474 -0.320636 -0.883122 0.032800 0.051600 0.000900 0.100000 7.500000 516.000203
0.061700 -0.392502 -0.300606 -0.869240 0.032800 0.051600 0.000900 0.100000 7.500000 516.000195
0.061700 -0.896651 -0.281609 0.341634 0.032800 0.051600 0.000900 0.100000 7.500000 516.000203
0.061700 0.527099 -0.605110 -0.596664 0.032800 0.051600 0.000900 0.100000 7.500000 561.999000
0.061700 -0.591911 -0.546488 0.592446 0.032800 0.051600 0.000900 0.100000 7.500000 563.001000
0.061700 0.597726 -0.583495 0.549779 0.032800 0.051600 0.000900 0.100000 7.500000 563.001000
0.061700 -0.071691 -0.036165 -0.996771 0.032800 0.051600 0.000900 0.100000 7.500000 749.999996
0.061700 0.993959 -0.032280 -0.104895 0.032800 0.051600 0.000900 0.100000 7.500000 750.000004
0.061700 -0.212682 -0.683171 0.698601 0.032800 0.051600 0.000900 0.100000 7.500000 891.000701
0.061700 -0.681308 -0.663059 0.310115 0.032800 0.051600 0.000900 0.100000 7.500000 891.000697
0.061700 -0.287611 -0.679356 -0.675097 0.032800 0.051600 0.000900 0.100000 7.500000 891.000703
0.061700 -0.718632 -0.240731 -0.652393 0.032800 0.051600 0.000900 0.100000 7.500000 891.000696
0.061700 0.646151 -0.746681 0.157973 0.032800 0.051600 0.000900 0.100000 7.500000 891.000701
0.061700 -0.640608 -0.184832 0.745291 0.032800 0.051600 0.000900 0.100000 7.500000 891.000703
0.061700 0.675758 -0.714009 0.183147 0.032800 0.051600 0.000900 0.100000 7.500000 891.000700
0.061700 -0.637583 -0.190600 0.746431 0.032800 0.051600 0.000900 0.100000 7.500000 891.000698
0.061700 0.641377 -0.264430 -0.720217 0.032800 0.051600 0.000900 0.100000 7.500000 891.000702
0.061700 -0.051091 -0.895398 -0.442325 0.032800 0.051600 0.000900 0.100000 7.500000 937.000003
0.061700 -0.068443 -0.449341 -0.890734 0.032800 0.051600 0.000900 0.100000 7.500000 936.999996
0.061700 0.881526 -0.038517 -0.470562 0.032800 0.051600 0.000900 0.100000 7.500000 936.999998
0.061700 0.862044 -0.023769 -0.506276 0.032800 0.051600 0.000900 0.100000 7.500000 936.999995
0.061700 -0.908441 -0.409942 0.081741 0.032800 0.051600 0.000900 0.100000 7.500000 936.999996
0.061700 0.482555 -0.008293 0.875827 0.032800 0.051600 0.000900 0.100000 7.500000 937.000006
0.061700 0.884733 -0.463660 -0.047600 0.032800 0.051600 0.000900 0.100000 7.500000 938.000005
0.061700 -0.485308 -0.872698 0.053617 0.032800 0.051600 0.000900 0.100000 7.500000 938.000000
0.061700 0.416260 -0.908851 -0.026779 0.032800 0.051600 0.000900 0.100000 7.500000 938.000008
0.061700 0.417885 -0.908053 -0.028478 0.032800 0.051600 0.000900 0.100000 7.500000 937.999999
0.061700 0.936178 -0.022366 0.350815 0.032800 0.051600 0.000900 0.100000 7.500000 937.999995
0.061700 -0.851177 -0.392564 -0.348411 0.032800 0.051600 0.000900 0.100000 7.500000 1125.000000
0.061700 -0.807933 -0.355019 0.470324 0.032800 0.051600 0.000900 0.100000 7.500000 1125.000000
0.061700 0.352080 -0.833076 -0.426642 0.032800 0.051600 0.000900 0.100000 7.500000 1125.000010
0.061700 -0.469868 -0.810221 -0.350379 0.032800 0.051600 0.000900 0.100000 7.500000 1125.000000
0.061700 0.757914 -0.437480 -0.483919 0.032800 0.051600 0.000900 0.100000 7.500000 1125.000000
0.061700 -0.442059 -0.791668 0.421716 0.032800 0.051600 0.000900 0.100000 7.500000 1125.000010
0.061700 0.347938 -0.443338 -0.826069 0.032800 0.051600 0.000900 0.100000 7.500000 1125.000000
0.061700 -0.371950 -0.375619 0.848860 0.032800 0.051600 0.000900 0.100000 7.500000 1125.000000
0.061700 -0.361791 -0.371249 0.855150 0.032800 0.051600 0.000900 0.100000 7.500000 1125.000000
0.061700 0.443211 -0.390880 0.806707 0.032800 0.051600 0.000900 0.100000 7.500000 1125.000010
0.061700 0.179995 -0.963504 0.198146 0.032800 0.051600 0.000900 0.100000 7.500000 1265.997781
0.061700 0.943240 -0.235098 -0.234580 0.032800 0.051600 0.000900 0.100000 7.500000 1265.997763
0.061700 -0.249160 -0.954594 -0.163311 0.032800 0.051600 0.000900 0.100000 7.500000 1265.997753
0.061700 -0.973316 -0.171118 -0.152889 0.032800 0.051600 0.000900 0.100000 7.500000 1265.997787
0.061700 -0.949843 -0.150123 0.274337 0.032800 0.051600 0.000900 0.100000 7.500000 1265.997783
0.061700 0.966248 -0.204366 0.156838 0.032800 0.051600 0.000900 0.100000 7.500000 1265.997787
0.061700 0.159682 -0.973549 -0.163414 0.032800 0.051600 0.000900 0.100000 7.500000 1265.997802
0.061700 0.229338 -0.164002 0.959431 0.032800 0.051600 0.000900 0.100000 7.500000 1265.997827
0.061700 -0.241940 -0.228132 -0.943091 0.032800 0.051600 0.000900 0.100000 7.500000 1265.997794
0.061700 0.150793 -0.199764 -0.968171 0.032800 0.051600 0.000900 0.100000 7.500000 1265.997817
0.061700 -0.159835 -0.173550 0.971768 0.032800 0.051600 0.000900 0.100000 7.500000 1265.997773
0.061700 -0.563678 -0.568006 0.599697 0.032800 0.051600 0.000900 0.100000 7.500000 1265.999990
0.061700 0.588153 -0.586899 0.556440 0.032800 0.051600 0.000900 0.100000 7.500000 1266.000000
0.061700 0.593828 -0.584051 0.553400 0.032800 0.051600 0.000900 0.100000 7.500000 1265.999990
0.061700 -0.617814 -0.558663 -0.553354 0.032800 0.051600 0.000900 0.100000 7.500000 1266.000000
0.061700 0.513237 -0.608205 -0.605537 0.032800 0.051600 0.000900 0.100000 7.500000 1266.000000
0.061700 0.699500 -0.714463 -0.015580 0.032800 0.051600 0.000900 0.100000 7.500000 1500.000000
0.061700 0.044429 -0.701120 0.711658 0.032800 0.051600 0.000900 0.100000 7.500000 1500.000004
0.061700 0.052271 -0.700562 0.711674 0.032800 0.051600 0.000900 0.100000 7.500000 1499.999994
0.061700 -0.726379 -0.687030 0.019037 0.032800 0.051600 0.000900 0.100000 7.500000 1500.000006
0.061700 0.659357 -0.037298 -0.750905 0.032800 0.051600 0.000900 0.100000 7.500000 1500.000000
0.061700 0.761296 -0.017755 0.648162 0.032800 0.051600 0.000900 0.100000 7.500000 1500.000004
0.061700 -0.472901 -0.117112 0.873298 0.032800 0.051600 0.000900 0.100000 7.500000 1640.996669
0.061700 -0.142223 -0.472455 0.869804 0.032800 0.051600 0.000900 0.100000 7.500000 1640.996737
0.061700 -0.463368 -0.117261 0.878373 0.032800 0.051600 0.000900 0.100000 7.500000 1640.996660
0.061700 -0.159518 -0.840658 0.517541 0.032800 0.051600 0.000900 0.100000 7.500000 1640.996710
0.061700 -0.853601 -0.502512 -0.137281 0.032800 0.051600 0.000900 0.100000 7.500000 1640.996723
0.061700 -0.144467 -0.836128 0.529168 0.032800 0.051600 0.000900 0.100000 7.500000 1640.996735
0.061700 0.073642 -0.547763 -0.833386 0.032800 0.051600 0.000900 0.100000 7.500000 1640.996718
0.061700 0.835870 -0.531894 0.135685 0.032800 0.051600 0.000900 0.100000 7.500000 1640.996715
0.061700 0.809278 -0.533275 -0.246346 0.032800 0.051600 0.000900 0.100000 7.500000 1640.996708
0.061700 -0.547636 -0.814772 0.190372 0.032800 0.051600 0.000900 0.100000 7.500000 1640.996659
0.061700 0.472013 -0.864793 0.171280 0.032800 0.051600 0.000900 0.100000 7.500000 1640.996681
0.061700 0.182004 -0.487791 0.853776 0.032800 0.051600 0.000900 0.100000 7.500000 1640.996750
0.061700 0.206483 -0.506466 0.837172 0.032800 0.051600 0.000900 0.100000 7.500000 1640.996680
0.061700 -0.867251 -0.436030 0.240318 0.032800 0.051600 0.000900 0.100000 7.500000 1640.996745
0.061700 0.090434 -0.858762 -0.504331 0.032800 0.051600 0.000900 0.100000 7.500000 1640.996656
0.061700 -0.878958 -0.168769 -0.446038 0.032800 0.051600 0.000900 0.100000 7.500000 1640.996703
0.061700 0.566541 -0.177155 0.804766 0.032800 0.051600 0.000900 0.100000 7.500000 1640.997730
0.061700 -0.840259 -0.118174 0.529149 0.032800 0.051600 0.000900 0.100000 7.500000 1640.997711
0.061700 -0.597146 -0.793123 -0.119888 0.032800 0.051600 0.000900 0.100000 7.500000 1640.997679
0.061700 -0.366632 -0.670409 -0.645083 0.032800 0.051600 0.000900 0.100000 7.500000 1687.000000
0.061700 -0.071836 -0.010206 -0.997364 0.032800 0.051600 0.000900 0.100000 7.500000 1687.000009
0.061700 0.616524 -0.704284 -0.351968 0.032800 0.051600 0.000900 0.100000 7.500000 1687.000000
0.061700 0.998765 -0.037113 -0.033030 0.032800 0.051600 0.000900 0.100000 7.500000 1687.000043
0.061700 -0.729362 -0.308843 -0.610448 0.032800 0.051600 0.000900 0.100000 7.500000 1687.000000
0.061700 -0.675293 -0.636238 0.373069 0.032800 0.051600 0.000900 0.100000 7.500000 1686.999990
0.061700 0.283240 -0.693928 -0.661997 0.032800 0.051600 0.000900 0.100000 7.500000 1687.000000
0.061700 0.639256 -0.378980 -0.669123 0.032800 0.051600 0.000900 0.100000 7.500000 1687.001000
0.061700 0.693365 -0.351598 0.628986 0.032800 0.051600 0.000900 0.100000 7.500000 1687.001000
0.061700 -0.291192 -0.639668 0.711359 0.032800 0.051600 0.000900 0.100000 7.500000 1688.000000
0.061700 -0.015597 -0.998849 0.045358 0.032800 0.051600 0.000900 0.100000 7.500000 1688.000048
0.061700 -0.016023 -0.933104 0.359249 0.032800 0.051600 0.000900 0.100000 7.500000 1875.000021
0.061700 0.056768 -0.289233 0.955574 0.032800 0.051600 0.000900 0.100000 7.500000 1874.999952
0.061700 0.057577 -0.287202 0.956138 0.032800 0.051600 0.000900 0.100000 7.500000 1875.000002
0.061700 -0.344648 -0.937485 0.048369 0.032800 0.051600 0.000900 0.100000 7.500000 1874.999993
0.061700 -0.957283 -0.288589 0.018060 0.032800 0.051600 0.000900 0.100000 7.500000 1874.999967
0.061700 0.942908 -0.053879 -0.328668 0.032800 0.051600 0.000900 0.100000 7.500000 1875.000042
0.061700 -0.387458 -0.000304 -0.921887 0.032800 0.051600 0.000900 0.100000 7.500000 1874.999963
0.061700 -0.118667 -0.939854 -0.320300 0.032800 0.051600 0.000900 0.100000 7.500000 1874.999966
0.061700 0.971626 -0.034582 0.233980 0.032800 0.051600 0.000900 0.100000 7.500000 1875.000035
0.061700 -0.105733 -0.944047 -0.312404 0.032800 0.051600 0.000900 0.100000 7.500000 1874.999957
0.061700 -0.479071 -0.730283 0.487009 0.032800 0.051600 0.000900 0.100000 7.500000 2015.997020
0.061700 0.449392 -0.760242 0.469127 0.032800 0.051600 0.000900 0.100000 7.500000 2015.998040
0.061700 -0.721238 -0.431685 0.541723 0.032800 0.051600 0.000900 0.100000 7.500000 2015.998000
0.061700 -0.789966 -0.451572 -0.414773 0.032800 0.051600 0.000900 0.100000 7.500000 2015.998040
0.061700 -0.489635 -0.770336 -0.408461 0.032800 0.051600 0.000900 0.100000 7.500000 2015.998030
0.061700 -0.512030 -0.748941 -0.420610 0.032800 0.051600 0.000900 0.100000 7.500000 2015.998040
0.061700 0.710519 -0.504442 -0.490613 0.032800 0.051600 0.000900 0.100000 7.500000 2015.998050
0.061700 0.382113 -0.491935 -0.782298 0.032800 0.051600 0.000900 0.100000 7.500000 2015.998000
0.061700 -0.510277 -0.444179 -0.736425 0.032800 0.051600 0.000900 0.100000 7.500000 2015.998040
0.061700 0.258751 -0.929100 -0.264236 0.032800 0.051600 0.000900 0.100000 7.500000 2062.000030
0.061700 0.242998 -0.929294 -0.278145 0.032800 0.051600 0.000900 0.100000 7.500000 2061.999970
0.061700 -0.270708 -0.296885 0.915738 0.032800 0.051600 0.000900 0.100000 7.500000 2061.999970
0.061700 -0.333090 -0.303943 -0.892564 0.032800 0.051600 0.000900 0.100000 7.500000 2062.000000
0.061700 -0.344732 -0.876172 0.336870 0.032800 0.051600 0.000900 0.100000 7.500000 2062.000040
0.061700 0.232784 -0.337899 -0.911941 0.032800 0.051600 0.000900 0.100000 7.500000 2061.999970
0.061700 0.911940 -0.301511 0.278312 0.032800 0.051600 0.000900 0.100000 7.500000 2061.999980
0.061700 0.889394 -0.330031 -0.316319 0.032800 0.051600 0.000900 0.100000 7.500000 2062.999990
0.061700 0.862005 -0.353959 -0.362851 0.032800 0.051600 0.000900 0.100000 7.500000 2062.999960
0.061700 -0.936575 -0.256742 -0.238559 0.032800 0.051600 0.000900 0.100000 7.500000 2063.001010
0.061700 -0.571474 -0.524987 0.630718 0.032800 0.051600 0.000900 0.100000 7.500000 2250.000000
0.061700 0.526898 -0.595789 -0.606146 0.032800 0.051600 0.000900 0.100000 7.500000 2250.000000
0.061700 -0.682112 -0.510933 -0.523136 0.032800 0.051600 0.000900 0.100000 7.500000 2249.999970
0.061700 0.657231 -0.733170 -0.174668 0.032800 0.051600 0.000900 0.100000 7.500000 2391.002359
0.061700 -0.746904 -0.632785 0.204248 0.032800 0.051600 0.000900 0.100000 7.500000 2391.002279
0.061700 -0.652980 -0.096516 0.751200 0.032800 0.051600 0.000900 0.100000 7.500000 2391.002366
0.061700 0.716412 -0.137131 0.684068 0.032800 0.051600 0.000900 0.100000 7.500000 2391.002353
0.061700 -0.106945 -0.685440 0.720232 0.032800 0.051600 0.000900 0.100000 7.500000 2391.002334
0.061700 0.665962 -0.729984 0.153682 0.032800 0.051600 0.000900 0.100000 7.500000 2391.002414
0.061700 -0.733541 -0.672406 -0.098933 0.032800 0.051600 0.000900 0.100000 7.500000 2391.002442
0.061700 -0.177216 -0.729056 -0.661114 0.032800 0.051600 0.000900 0.100000 7.500000 2391.002417
0.061700 0.966602 -0.165578 -0.195613 0.032800 0.051600 0.000900 0.100000 7.500000 2391.004630
0.061700 -0.970965 -0.047231 0.234515 0.032800 0.051600 0.000900 0.100000 7.500000 2391.004685
0.061700 0.104991 -0.976628 0.187549 0.032800 0.051600 0.000900 0.100000 7.500000 2391.004799
0.061700 0.092913 -0.985503 -0.141955 0.032800 0.051600 0.000900 0.100000 7.500000 2391.004809
0.061700 -0.071814 -0.130717 0.988815 0.032800 0.051600 0.000900 0.100000 7.500000 2391.004827
0.061700 -0.991496 -0.091261 -0.092770 0.032800 0.051600 0.000900 0.100000 7.500000 2391.004828
0.061700 -0.195820 -0.176372 -0.964649 0.032800 0.051600 0.000900 0.100000 7.500000 2391.004834
0.061700 -0.209784 -0.169468 -0.962949 0.032800 0.051600 0.000900 0.100000 7.500000 2391.004819
0.061700 -0.028159 -0.839264 -0.542995 0.032800 0.051600 0.000900 0.100000 7.500000 2436.995979
0.061700 -0.061243 -0.837084 -0.543636 0.032800 0.051600 0.000900 0.100000 7.500000 2436.996046
0.061700 -0.046481 -0.560322 -0.826969 0.032800 0.051600 0.000900 0.100000 7.500000 2436.996039
0.061700 0.792595 -0.042041 -0.608297 0.032800 0.051600 0.000900 0.100000 7.500000 2436.996020
0.061700 0.864593 -0.036436 0.501150 0.032800 0.051600 0.000900 0.100000 7.500000 2436.996053
0.061700 -0.018384 -0.805405 0.592439 0.032800 0.051600 0.000900 0.100000 7.500000 2436.995973
0.061700 0.533873 -0.845405 0.016443 0.032800 0.051600 0.000900 0.100000 7.500000 2436.995995
0.061700 -0.605408 -0.005834 -0.795894 0.032800 0.051600 0.000900 0.100000 7.500000 2438.004000
0.061700 0.038628 -0.535569 0.843607 0.032800 0.051600 0.000900 0.100000 7.500000 2438.004021
0.061700 0.483817 -0.051658 -0.873643 0.032800 0.051600 0.000900 0.100000 7.500000 2438.003974
0.061700 0.496002 -0.040686 -0.867368 0.032800 0.051600 0.000900 0.100000 7.500000 2438.004021
0.061700 0.813925 -0.580965 0.002248 0.032800 0.051600 0.000900 0.100000 7.500000 2438.003955
0.061700 -0.843400 -0.532784 0.069407 0.032800 0.051600 0.000900 0.100000 7.500000 2438.003996
0.061700 0.791299 -0.557607 0.250839 0.032800 0.051600 0.000900 0.100000 7.500000 2625.000020
0.061700 -0.779286 -0.212756 0.589447 0.032800 0.051600 0.000900 0.100000 7.500000 2625.000010
0.061700 0.792186 -0.558897 0.245103 0.032800 0.051600 0.000900 0.100000 7.500000 2625.000040
0.061700 0.746298 -0.327375 -0.579538 0.032800 0.051600 0.000900 0.100000 7.500000 2624.999990
0.061700 -0.799705 -0.494417 0.340624 0.032800 0.051600 0.000900 0.100000 7.500000 2624.999990
0.061700 -0.837677 -0.511290 -0.192042 0.032800 0.051600 0.000900 0.100000 7.500000 2624.999956
0.061700 -0.852733 -0.256042 -0.455291 0.032800 0.051600 0.000900 0.100000 7.500000 2625.000030
0.061700 -0.863465 -0.250290 -0.437930 0.032800 0.051600 0.000900 0.100000 7.500000 2624.999970
0.061700 -0.351404 -0.529825 -0.771881 0.032800 0.051600 0.000900 0.100000 7.500000 2625.000000
0.061700 0.254855 -0.545479 0.798437 0.032800 0.051600 0.000900 0.100000 7.500000 2625.000010
0.061700 0.252999 -0.797073 0.548330 0.032800 0.051600 0.000900 0.100000 7.500000 2625.000030
0.061700 0.779648 -0.564779 -0.270506 0.032800 0.051600 0.000900 0.100000 7.500000 2625.000040
0.061700 0.284661 -0.807613 0.516458 0.032800 0.051600 0.000900 0.100000 7.500000 2624.999980
0.061700 0.515141 -0.819328 0.251655 0.032800 0.051600 0.000900 0.100000 7.500000 2624.999990
0.061700 -0.392713 -0.764273 -0.511531 0.032800 0.051600 0.000900 0.100000 7.500000 2624.999990
0.061700 -0.344783 -0.797090 -0.495755 0.032800 0.051600 0.000900 0.100000 7.500000 2625.000040
0.061700 0.555267 -0.266228 0.787910 0.032800 0.051600 0.000900 0.100000 7.500000 2625.000020
0.061700 -0.579123 -0.283858 -0.764226 0.032800 0.051600 0.000900 0.100000 7.500000 2625.000030
0.061700 -0.227296 -0.498258 0.836705 0.032800 0.051600 0.000900 0.100000 7.500000 2625.000020
0.061700 -0.592098 -0.282861 -0.754593 0.032800 0.051600 0.000900 0.100000 7.500000 2625.000010
0.061700 -0.453253 -0.657653 -0.601710 0.032800 0.051600 0.000900 0.100000 7.500000 2765.992020
0.061700 -0.366276 -0.619168 0.694603 0.032800 0.051600 0.000900 0.100000 7.500000 2765.992000
0.061700 -0.596826 -0.359534 0.717311 0.032800 0.051600 0.000900 0.100000 7.500000 2765.991970
0.061700 0.704473 -0.407307 0.581221 0.032800 0.051600 0.000900 0.100000 7.500000 2765.991980
0.061700 0.628235 -0.668750 -0.397610 0.032800 0.051600 0.000900 0.100000 7.500000 2765.991970
0.061700 -0.672813 -0.635741 -0.378359 0.032800 0.051600 0.000900 0.100000 7.500000 2765.991970
0.061700 -0.699493 -0.623688 -0.348888 0.032800 0.051600 0.000900 0.100000 7.500000 2765.991920
0.061700 0.397548 -0.662768 0.634582 0.032800 0.051600 0.000900 0.100000 7.500000 2765.991920
0.061700 -0.654893 -0.619278 0.433141 0.032800 0.051600 0.000900 0.100000 7.500000 2765.991920
0.061700 0.619742 -0.431268 -0.655689 0.032800 0.051600 0.000900 0.100000 7.500000 2765.991990
0.061700 0.590496 -0.416283 -0.691392 0.032800 0.051600 0.000900 0.100000 7.500000 2765.992010
0.061700 0.628468 -0.681019 0.375821 0.032800 0.051600 0.000900 0.100000 7.500000 2765.991910
0.061700 -0.457897 -0.113168 -0.881773 0.032800 0.051600 0.000900 0.100000 7.500000 2766.003295
0.061700 -0.199695 -0.416314 -0.887020 0.032800 0.051600 0.000900 0.100000 7.500000 2766.003350
0.061700 0.182155 -0.365393 0.912857 0.032800 0.051600 0.000900 0.100000 7.500000 2766.003445
0.061700 0.181022 -0.369368 0.911482 0.032800 0.051600 0.000900 0.100000 7.500000 2766.003361
0.061700 -0.079890 -0.359369 0.929770 0.032800 0.051600 0.000900 0.100000 7.500000 2766.003365
0.061700 0.022063 -0.399064 -0.916658 0.032800 0.051600 0.000900 0.100000 7.500000 2766.003427
0.061700 -0.916891 -0.351047 0.189942 0.032800 0.051600 0.000900 0.100000 7.500000 2766.003351
0.061700 -0.397966 -0.905200 0.149119 0.032800 0.051600 0.000900 0.100000 7.500000 2766.003360
0.061700 0.350608 -0.925608 -0.142558 0.032800 0.051600 0.000900 0.100000 7.500000 2766.003412
0.061700 0.348387 -0.922738 -0.164867 0.032800 0.051600 0.000900 0.100000 7.500000 2766.003359
0.061700 0.918119 -0.167212 0.359302 0.032800 0.051600 0.000900 0.100000 7.500000 2766.003431
0.061700 -0.173373 -0.903506 0.391942 0.032800 0.051600 0.000900 0.100000 7.500000 2766.003441
0.061700 -0.924026 -0.090192 -0.371539 0.032800 0.051600 0.000900 0.100000 7.500000 2766.003394
0.061700 0.060122 -0.917073 -0.394159 0.032800 0.051600 0.000900 0.100000 7.500000 2766.003375
0.061700 0.877645 -0.443129 -0.182694 0.032800 0.051600 0.000900 0.100000 7.500000 2766.003420
0.061700 -0.470517 -0.876605 -0.100881 0.032800 0.051600 0.000900 0.100000 7.500000 2766.003415
0.061700 0.365140 -0.922889 0.122262 0.032800 0.051600 0.000900 0.100000 7.500000 2766.003408
0.061700 0.912181 -0.396522 0.103419 0.032800 0.051600 0.000900 0.100000 7.500000 2766.003450
0.061700 0.909144 -0.405740 0.093984 0.032800 0.051600 0.000900 0.100000 7.500000 2766.003387
0.061700 -0.031888 -0.999391 0.014173 0.032800 0.051600 0.000900 0.100000 7.500000 2999.999997
0.061700 0.991932 -0.086967 -0.092234 0.032800 0.051600 0.000900 0.100000 7.500000 2999.999982
0.061700 -0.085249 -0.013398 -0.996270 0.032800 0.051600 0.000900 0.100000 7.500000 2999.999988
0.061700 -0.408586 -0.389812 -0.825290 0.032800 0.051600 0.000900 0.100000 7.500000 3141.000040
0.061700 -0.349725 -0.310978 0.883733 0.032800 0.051600 0.000900 0.100000 7.500000 3141.000040
0.061700 0.302270 -0.388454 -0.870481 0.032800 0.051600 0.000900 0.100000 7.500000 3141.000000
0.061700 -0.893671 -0.340154 -0.292656 0.032800 0.051600 0.000900 0.100000 7.500000 3141.000020
0.061700 0.296591 -0.870785 -0.392131 0.032800 0.051600 0.000900 0.100000 7.500000 3140.999970
0.061700 0.347549 -0.864439 0.363255 0.032800 0.051600 0.000900 0.100000 7.500000 3140.999990
0.061700 0.826047 -0.413328 -0.383154 0.032800 0.051600 0.000900 0.100000 7.500000 3140.999970
0.061700 -0.365507 -0.833271 0.414807 0.032800 0.051600 0.000900 0.100000 7.500000 3140.999970
0.061700 -0.400587 -0.854730 -0.330101 0.032800 0.051600 0.000900 0.100000 7.500000 3141.000040
0.061700 -0.416642 -0.848394 -0.326552 0.032800 0.051600 0.000900 0.100000 7.500000 3141.000010
0.061700 -0.299626 -0.022366 -0.953795 0.032800 0.051600 0.000900 0.100000 7.500000 3187.001031
0.061700 0.956599 -0.290572 -0.022063 0.032800 0.051600 0.000900 0.100000 7.500000 3187.001047
0.061700 0.160880 -0.010115 -0.986922 0.032800 0.051600 0.000900 0.100000 7.500000 3187.001021
0.061700 -0.537087 -0.491538 -0.685513 0.032800 0.051600 0.000900 0.100000 7.500000 3187.003990
0.061700 0.742378 -0.494555 0.451984 0.032800 0.051600 0.000900 0.100000 7.500000 3187.004000
0.061700 0.529933 -0.486683 0.694486 0.032800 0.051600 0.000900 0.100000 7.500000 3187.003980
0.061700 0.463082 -0.776587 0.427162 0.032800 0.051600 0.000900 0.100000 7.500000 3187.003970
0.061700 0.406047 -0.767261 -0.496424 0.032800 0.051600 0.000900 0.100000 7.500000 3187.995970
0.061700 0.410251 -0.523078 -0.747050 0.032800 0.051600 0.000900 0.100000 7.500000 3187.995980
0.061700 -0.736703 -0.441983 0.511781 0.032800 0.051600 0.000900 0.100000 7.500000 3187.995970
0.061700 -0.473802 -0.707471 0.524401 0.032800 0.051600 0.000900 0.100000 7.500000 3187.996010
0.061700 -0.538434 -0.702467 -0.465434 0.032800 0.051600 0.000900 0.100000 7.500000 3187.995960
0.061700 -0.446640 -0.455554 0.770054 0.032800 0.051600 0.000900 0.100000 7.500000 3187.996020
0.061700 -0.059238 -0.973908 -0.219075 0.032800 0.051600 0.000900 0.100000 7.500000 3187.998956
0.061700 -0.042533 -0.228729 -0.972561 0.032800 0.051600 0.000900 0.100000 7.500000 3187.998957
0.061700 0.985576 -0.035410 0.165487 0.032800 0.051600 0.000900 0.100000 7.500000 3187.999035
0.061700 -0.976303 -0.212817 0.039265 0.032800 0.051600 0.000900 0.100000 7.500000 3187.998954
0.061700 -0.019123 -0.964917 0.261859 0.032800 0.051600 0.000900 0.100000 7.500000 3187.999048
0.061700 -0.270402 -0.961997 0.038001 0.032800 0.051600 0.000900 0.100000 7.500000 3187.998956
0.061700 0.193617 -0.235244 -0.952456 0.032800 0.051600 0.000900 0.100000 7.500000 3374.999980
0.061700 -0.324448 -0.245806 -0.913407 0.032800 0.051600 0.000900 0.100000 7.500000 3375.000040
0.061700 -0.314711 -0.248384 -0.916113 0.032800 0.051600 0.000900 0.100000 7.500000 3375.000030
0.061700 0.909456 -0.272972 -0.313651 0.032800 0.051600 0.000900 0.100000 7.500000 3374.999970
0.061700 -0.106230 -0.714030 -0.692009 0.032800 0.051600 0.000900 0.100000 7.500000 3374.999971
0.061700 0.748866 -0.032223 0.661937 0.032800 0.051600 0.000900 0.100000 7.500000 3374.999974
0.061700 0.639870 -0.049081 -0.766914 0.032800 0.051600 0.000900 0.100000 7.500000 3375.000019
0.061700 0.630332 -0.771330 -0.087929 0.032800 0.051600 0.000900 0.100000 7.500000 3375.000018
0.061700 0.652889 -0.754893 -0.062220 0.032800 0.051600 0.000900 0.100000 7.500000 3375.000032
0.061700 -0.000026 -0.686546 0.727086 0.032800 0.051600 0.000900 0.100000 7.500000 3375.000002
0.061700 0.001423 -0.699335 0.714793 0.032800 0.051600 0.000900 0.100000 7.500000 3375.000032
0.061700 0.216083 -0.949941 -0.225656 0.032800 0.051600 0.000900 0.100000 7.500000 3375.000030
0.061700 0.200920 -0.950126 -0.238520 0.032800 0.051600 0.000900 0.100000 7.500000 3374.999990
0.061700 0.231181 -0.943838 0.236062 0.032800 0.051600 0.000900 0.100000 7.500000 3374.999980
0.061700 -0.624312 -0.117436 -0.772297 0.032800 0.051600 0.000900 0.100000 7.500000 3515.999974
0.061700 -0.779587 -0.064172 0.622997 0.032800 0.051600 0.000900 0.100000 7.500000 3516.000013
0.061700 0.622901 -0.115947 0.773661 0.032800 0.051600 0.000900 0.100000 7.500000 3515.999950
0.061700 -0.811468 -0.565886 0.145919 0.032800 0.051600 0.000900 0.100000 7.500000 3516.000040
0.061700 -0.806790 -0.562578 0.180541 0.032800 0.051600 0.000900 0.100000 7.500000 3515.999950
0.061700 0.491844 -0.619643 -0.611664 0.032800 0.051600 0.000900 0.100000 7.500000 3515.999960
0.061700 0.504187 -0.609148 -0.612156 0.032800 0.051600 0.000900 0.100000 7.500000 3516.000030
0.061700 -0.046798 -0.569789 0.820458 0.032800 0.051600 0.000900 0.100000 7.500000 3515.999910
0.061700 0.790915 -0.142187 -0.595177 0.032800 0.051600 0.000900 0.100000 7.500000 3516.000005
0.061700 -0.619390 -0.782492 -0.063739 0.032800 0.051600 0.000900 0.100000 7.500000 3515.999998
0.061700 0.760702 -0.155595 -0.630177 0.032800 0.051600 0.000900 0.100000 7.500000 3515.999993
0.061700 0.581863 -0.599763 0.549290 0.032800 0.051600 0.000900 0.100000 7.500000 3516.000000
0.061700 0.068086 -0.823085 -0.563822 0.032800 0.051600 0.000900 0.100000 7.500000 3515.999927
0.061700 0.109261 -0.797562 0.593260 0.032800 0.051600 0.000900 0.100000 7.500000 3515.999961
0.061700 -0.550325 -0.080637 0.831047 0.032800 0.051600 0.000900 0.100000 7.500000 3515.999985
0.061700 0.545874 -0.821792 -0.163341 0.032800 0.051600 0.000900 0.100000 7.500000 3516.000088
0.061700 0.846581 -0.203085 0.491993 0.032800 0.051600 0.000900 0.100000 7.500000 3516.000030
0.061700 0.848927 -0.140275 0.509554 0.032800 0.051600 0.000900 0.100000 7.500000 3516.000017
0.061700 -0.624867 -0.763281 0.164140 0.032800 0.051600 0.000900 0.100000 7.500000 3515.999989
0.061700 -0.604562 -0.781572 0.153787 0.032800 0.051600 0.000900 0.100000 7.500000 3515.999994
0.061700 0.548020 -0.831233 0.093411 0.032800 0.051600 0.000900 0.100000 7.500000 3516.000008
0.061700 -0.551108 -0.551706 0.626019 0.032800 0.051600 0.000900 0.100000 7.500000 3516.000100
0.061700 -0.549770 -0.547195 0.631134 0.032800 0.051600 0.000900 0.100000 7.500000 3516.000000
0.061700 0.788652 -0.593696 -0.159853 0.032800 0.051600 0.000900 0.100000 7.500000 3515.999977
0.061700 0.169743 -0.716076 -0.677069 0.032800 0.051600 0.000900 0.100000 7.500000 3561.994020
0.061700 -0.650248 -0.179412 0.738233 0.032800 0.051600 0.000900 0.100000 7.500000 3561.994000
0.061700 -0.738895 -0.215651 -0.638380 0.032800 0.051600 0.000900 0.100000 7.500000 3561.994070
0.061700 0.597525 -0.254990 -0.760226 0.032800 0.051600 0.000900 0.100000 7.500000 3561.994040
0.061700 0.212754 -0.697456 0.684317 0.032800 0.051600 0.000900 0.100000 7.500000 3561.994000
0.061700 0.689245 -0.704627 0.168650 0.032800 0.051600 0.000900 0.100000 7.500000 3561.993990
0.061700 -0.718246 -0.649596 0.249294 0.032800 0.051600 0.000900 0.100000 7.500000 3563.005920
0.061700 -0.724642 -0.665772 -0.177883 0.032800 0.051600 0.000900 0.100000 7.500000 3563.005970
0.061700 0.696659 -0.268961 0.665076 0.032800 0.051600 0.000900 0.100000 7.500000 3563.006080
0.061700 -0.197818 -0.659509 0.725201 0.032800 0.051600 0.000900 0.100000 7.500000 3563.006000
0.061700 0.394744 -0.046625 -0.917607 0.032800 0.051600 0.000900 0.100000 7.500000 3749.999952
0.061700 0.870343 -0.045876 -0.490305 0.032800 0.051600 0.000900 0.100000 7.500000 3750.000036
0.061700 0.861811 -0.054615 -0.504281 0.032800 0.051600 0.000900 0.100000 7.500000 3750.000003
0.061700 0.517917 -0.003932 0.855422 0.032800 0.051600 0.000900 0.100000 7.500000 3749.999986
0.061700 0.882122 -0.470717 -0.016918 0.032800 0.051600 0.000900 0.100000 7.500000 3749.999967
0.061700 0.030093 -0.419740 0.907145 0.032800 0.051600 0.000900 0.100000 7.500000 3750.000040
0.061700 0.879671 -0.471206 -0.064372 0.032800 0.051600 0.000900 0.100000 7.500000 3749.999976
0.061700 -0.479782 -0.876277 0.044128 0.032800 0.051600 0.000900 0.100000 7.500000 3750.000013
0.061700 0.919914 -0.039394 0.390136 0.032800 0.051600 0.000900 0.100000 7.500000 3749.999980
0.061700 -0.904090 -0.420581 0.075721 0.032800 0.051600 0.000900 0.100000 7.500000 3750.000012
0.061700 0.505128 -0.317357 -0.802577 0.032800 0.051600 0.000900 0.100000 7.500000 3891.005960
0.061700 0.363079 -0.554401 0.748875 0.032800 0.051600 0.000900 0.100000 7.500000 3891.006030
0.061700 -0.590788 -0.282135 -0.755889 0.032800 0.051600 0.000900 0.100000 7.500000 3891.005970
0.061700 0.255331 -0.559965 -0.788191 0.032800 0.051600 0.000900 0.100000 7.500000 3891.005940
0.061700 -0.376413 -0.546604 -0.748022 0.032800 0.051600 0.000900 0.100000 7.500000 3891.005910
0.061700 0.588768 -0.397925 0.703568 0.032800 0.051600 0.000900 0.100000 7.500000 3891.005970
0.061700 -0.494518 -0.304770 0.813983 0.032800 0.051600 0.000900 0.100000 7.500000 3891.006020
0.061700 0.598112 -0.343331 0.724145 0.032800 0.051600 0.000900 0.100000 7.500000 3891.006070
0.061700 -0.301230 -0.521681 0.798192 0.032800 0.051600 0.000900 0.100000 7.500000 3891.005950
0.061700 0.725759 -0.373000 -0.578053 0.032800 0.051600 0.000900 0.100000 7.500000 3891.006020
0.061700 -0.555897 -0.739711 0.379218 0.032800 0.051600 0.000900 0.100000 7.500000 3891.006010
0.061700 0.328121 -0.762686 0.557357 0.032800 0.051600 0.000900 0.100000 7.500000 3891.006040
0.061700 -0.583108 -0.748067 -0.316830 0.032800 0.051600 0.000900 0.100000 7.500000 3891.005970
0.061700 0.551483 -0.784680 0.283097 0.032800 0.051600 0.000900 0.100000 7.500000 3891.005970
0.061700 0.714048 -0.575822 -0.398201 0.032800 0.051600 0.000900 0.100000 7.500000 3891.005990
0.061700 0.771530 -0.572634 0.277186 0.032800 0.051600 0.000900 0.100000 7.500000 3891.005950
0.061700 0.517832 -0.785947 -0.337841 0.032800 0.051600 0.000900 0.100000 7.500000 3891.005990
0.061700 -0.737567 -0.298948 0.605496 0.032800 0.051600 0.000900 0.100000 7.500000 3891.006020
0.061700 -0.395668 -0.743917 -0.538549 0.032800 0.051600 0.000900 0.100000 7.500000 3891.006000
0.061700 -0.798802 -0.536687 -0.271812 0.032800 0.051600 0.000900 0.100000 7.500000 3891.006000
0.061700 -0.185880 -0.399574 0.897658 0.032800 0.051600 0.000900 0.100000 7.500000 3937.001010
0.061700 -0.392836 -0.171449 0.903485 0.032800 0.051600 0.000900 0.100000 7.500000 3937.001010
0.061700 -0.861028 -0.414208 0.295063 0.032800 0.051600 0.000900 0.100000 7.500000 3937.000960
0.061700 0.360447 -0.247786 -0.899266 0.032800 0.051600 0.000900 0.100000 7.500000 3937.001010
0.061700 0.378191 -0.891172 -0.250568 0.032800 0.051600 0.000900 0.100000 7.500000 3937.001030
0.061700 0.845489 -0.520569 0.118984 0.032800 0.051600 0.000900 0.100000 7.500000 3937.000956
0.061700 0.403506 -0.885635 0.229857 0.032800 0.051600 0.000900 0.100000 7.500000 3937.000960
0.061700 -0.200346 -0.861812 0.465984 0.032800 0.051600 0.000900 0.100000 7.500000 3937.001000
0.061700 0.087622 -0.869656 -0.485819 0.032800 0.051600 0.000900 0.100000 7.500000 3937.000972
0.061700 0.221461 -0.868038 0.444371 0.032800 0.051600 0.000900 0.100000 7.500000 3937.999010
0.061700 0.839910 -0.255539 -0.478802 0.032800 0.051600 0.000900 0.100000 7.500000 3937.999050
0.061700 0.887844 -0.255563 0.382648 0.032800 0.051600 0.000900 0.100000 7.500000 3937.998990
0.061700 -0.905384 -0.198008 -0.375596 0.032800 0.051600 0.000900 0.100000 7.500000 3937.999020
0.061700 -0.525991 -0.192965 -0.828310 0.032800 0.051600 0.000900 0.100000 7.500000 3937.998930
0.061700 -0.454801 -0.850518 0.264149 0.032800 0.051600 0.000900 0.100000 7.500000 3937.999040
0.061700 -0.473096 -0.853108 -0.219971 0.032800 0.051600 0.000900 0.100000 7.500000 3937.998990
0.061700 -0.492515 -0.848796 -0.192288 0.032800 0.051600 0.000900 0.100000 7.500000 3937.998960
0.061700 -0.906406 -0.390275 -0.161596 0.032800 0.051600 0.000900 0.100000 7.500000 3937.998990
0.061700 0.165178 -0.448668 -0.878302 0.032800 0.051600 0.000900 0.100000 7.500000 3937.999030
0.061700 -0.402502 -0.645502 0.649091 0.032800 0.051600 0.000900 0.100000 7.500000 4124.999990
0.061700 -0.630569 -0.634198 0.447410 0.032800 0.051600 0.000900 0.100000 7.500000 4124.999990
0.061700 0.656098 -0.652876 0.378533 0.032800 0.051600 0.000900 0.100000 7.500000 4124.999990
0.061700 -0.599179 -0.396340 0.695628 0.032800 0.051600 0.000900 0.100000 7.500000 4125.000070
0.061700 0.561996 -0.445402 -0.696977 0.032800 0.051600 0.000900 0.100000 7.500000 4124.999970
0.061700 0.543430 -0.447239 -0.710395 0.032800 0.051600 0.000900 0.100000 7.500000 4125.000010
0.061700 -0.486356 -0.598424 -0.636668 0.032800 0.051600 0.000900 0.100000 7.500000 4124.999990
0.061700 0.565829 -0.685595 -0.458036 0.032800 0.051600 0.000900 0.100000 7.500000 4125.000030
0.061700 0.576715 -0.670802 -0.466287 0.032800 0.051600 0.000900 0.100000 7.500000 4124.999960
0.061700 0.657341 -0.448022 0.605953 0.032800 0.051600 0.000900 0.100000 7.500000 4125.000030
0.061700 -0.470613 -0.800145 -0.371875 0.032800 0.051600 0.000900 0.100000 7.500000 4500.000010
0.061700 -0.396843 -0.806920 0.437488 0.032800 0.051600 0.000900 0.100000 7.500000 4499.999960
0.061700 0.838936 -0.443583 0.315310 0.032800 0.051600 0.000900 0.100000 7.500000 4499.999960
0.061700 -0.858495 -0.364520 -0.360710 0.032800 0.051600 0.000900 0.100000 7.500000 4499.999980
0.061700 -0.807467 -0.352215 0.473224 0.032800 0.051600 0.000900 0.100000 7.500000 4500.000040
0.061700 -0.793614 -0.373579 0.480225 0.032800 0.051600 0.000900 0.100000 7.500000 4500.000050
0.061700 0.425720 -0.418923 0.802038 0.032800 0.051600 0.000900 0.100000 7.500000 4499.999970
0.061700 0.347565 -0.825024 -0.445571 0.032800 0.051600 0.000900 0.100000 7.500000 4500.000000
0.061700 -0.392961 -0.383958 0.835558 0.032800 0.051600 0.000900 0.100000 7.500000 4499.999970
0.061700 0.105517 -0.720587 0.685289 0.032800 0.051600 0.000900 0.100000 7.500000 4640.998804
0.061700 0.128696 -0.707530 0.694866 0.032800 0.051600 0.000900 0.100000 7.500000 4640.998749
0.061700 -0.151986 -0.703929 -0.693818 0.032800 0.051600 0.000900 0.100000 7.500000 4640.998810
0.061700 -0.031398 -0.679603 -0.732908 0.032800 0.051600 0.000900 0.100000 7.500000 4640.998792
0.061700 0.010219 -0.700682 -0.713401 0.032800 0.051600 0.000900 0.100000 7.500000 4640.998786
0.061700 -0.074598 -0.698984 0.711236 0.032800 0.051600 0.000900 0.100000 7.500000 4640.998796
0.061700 -0.714055 -0.676514 0.180150 0.032800 0.051600 0.000900 0.100000 7.500000 4640.998840
0.061700 -0.734828 -0.677282 -0.036284 0.032800 0.051600 0.000900 0.100000 7.500000 4640.998869
0.061700 0.653898 -0.756407 0.016304 0.032800 0.051600 0.000900 0.100000 7.500000 4640.998755
0.061700 0.673076 -0.727851 -0.131155 0.032800 0.051600 0.000900 0.100000 7.500000 4640.998736
0.061700 0.527515 -0.524626 0.668203 0.032800 0.051600 0.000900 0.100000 7.500000 4641.000000
0.061700 -0.464832 -0.464436 0.753811 0.032800 0.051600 0.000900 0.100000 7.500000 4640.999900
0.061700 -0.592244 -0.479819 -0.647318 0.032800 0.051600 0.000900 0.100000 7.500000 4641.000000
0.061700 0.456685 -0.520156 -0.721718 0.032800 0.051600 0.000900 0.100000 7.500000 4641.000040
0.061700 0.669572 -0.533011 -0.517275 0.032800 0.051600 0.000900 0.100000 7.500000 4641.000000
0.061700 -0.574138 -0.666371 -0.475726 0.032800 0.051600 0.000900 0.100000 7.500000 4640.999900
0.061700 0.510803 -0.703743 0.493787 0.032800 0.051600 0.000900 0.100000 7.500000 4641.000000
0.061700 -0.508542 -0.680814 0.527141 0.032800 0.051600 0.000900 0.100000 7.500000 4641.000000
0.061700 0.000061 -0.611045 0.791596 0.032800 0.051600 0.000900 0.100000 7.500000 4687.000017
0.061700 0.028198 -0.793618 0.607763 0.032800 0.051600 0.000900 0.100000 7.500000 4686.999978
0.061700 -0.821217 -0.566826 0.065656 0.032800 0.051600 0.000900 0.100000 7.500000 4686.999958
0.061700 0.570096 -0.820913 -0.033053 0.032800 0.051600 0.000900 0.100000 7.500000 4688.000013
0.061700 -0.110320 -0.589290 -0.800354 0.032800 0.051600 0.000900 0.100000 7.500000 4687.999968
0.061700 -0.621720 -0.780878 0.060777 0.032800 0.051600 0.000900 0.100000 7.500000 4687.999933
0.061700 -0.080152 -0.785816 -0.613244 0.032800 0.051600 0.000900 0.100000 7.500000 4688.000042
0.061700 0.650869 -0.051385 0.757449 0.032800 0.051600 0.000900 0.100000 7.500000 4687.999951
0.061700 0.649684 -0.028864 0.759656 0.032800 0.051600 0.000900 0.100000 7.500000 4687.999978
0.061700 0.824003 -0.041734 0.565046 0.032800 0.051600 0.000900 0.100000 7.500000 4687.999982
0.061700 -0.747579 -0.143953 0.648386 0.032800 0.051600 0.000900 0.100000 7.500000 4875.000090
0.061700 -0.162827 -0.605078 0.779338 0.032800 0.051600 0.000900 0.100000 7.500000 4874.999970
0.061700 -0.137068 -0.589068 0.796374 0.032800 0.051600 0.000900 0.100000 7.500000 4875.000091
0.061700 0.113927 -0.790807 -0.601370 0.032800 0.051600 0.000900 0.100000 7.500000 4874.999974
0.061700 -0.828894 -0.548581 -0.109513 0.032800 0.051600 0.000900 0.100000 7.500000 4874.999965
0.061700 -0.851515 -0.161887 -0.498713 0.032800 0.051600 0.000900 0.100000 7.500000 4875.000000
0.061700 0.552073 -0.203409 -0.808604 0.032800 0.051600 0.000900 0.100000 7.500000 4875.000060
0.061700 0.601624 -0.235101 0.763398 0.032800 0.051600 0.000900 0.100000 7.500000 4875.000000
0.061700 0.522063 -0.218766 -0.824374 0.032800 0.051600 0.000900 0.100000 7.500000 4875.000040
0.061700 -0.268542 -0.765113 -0.585224 0.032800 0.051600 0.000900 0.100000 7.500000 4874.999920
0.061700 -0.809688 -0.543394 0.221648 0.032800 0.051600 0.000900 0.100000 7.500000 4874.999950
0.061700 -0.255026 -0.563502 -0.785765 0.032800 0.051600 0.000900 0.100000 7.500000 4875.000040
0.061700 -0.650653 -0.153201 -0.743761 0.032800 0.051600 0.000900 0.100000 7.500000 4875.000020
0.061700 0.217383 -0.594991 0.773777 0.032800 0.051600 0.000900 0.100000 7.500000 4874.999920
0.061700 0.783206 -0.596204 0.176436 0.032800 0.051600 0.000900 0.100000 7.500000 4875.000020
0.061700 0.776822 -0.615463 0.133243 0.032800 0.051600 0.000900 0.100000 7.500000 4875.000005
0.061700 -0.167282 -0.767033 0.619417 0.032800 0.051600 0.000900 0.100000 7.500000 4874.999920
0.061700 0.693331 -0.246057 -0.677309 0.032800 0.051600 0.000900 0.100000 7.500000 4875.000000
0.061700 0.749362 -0.630388 -0.202650 0.032800 0.051600 0.000900 0.100000 7.500000 4875.000030
0.061700 0.130406 -0.593516 -0.794187 0.032800 0.051600 0.000900 0.100000 7.500000 4875.000025
0.061700 0.116656 -0.596677 -0.793957 0.032800 0.051600 0.000900 0.100000 7.500000 4875.000008
0.061700 0.216808 -0.696950 -0.683560 0.032800 0.051600 0.000900 0.100000 7.500000 5016.006960
0.061700 0.698634 -0.316563 0.641638 0.032800 0.051600 0.000900 0.100000 7.500000 5016.007040
0.061700 0.611079 -0.289555 -0.736709 0.032800 0.051600 0.000900 0.100000 7.500000 5016.006970
0.061700 0.663952 -0.703297 0.254050 0.032800 0.051600 0.000900 0.100000 7.500000 5016.007050
0.061700 0.666662 -0.706066 0.238814 0.032800 0.051600 0.000900 0.100000 7.500000 5016.006960
0.061700 -0.378446 -0.648004 -0.660961 0.032800 0.051600 0.000900 0.100000 7.500000 5016.006980
0.061700 -0.277375 -0.683644 0.675051 0.032800 0.051600 0.000900 0.100000 7.500000 5016.006980
0.061700 -0.768711 -0.190484 -0.610573 0.032800 0.051600 0.000900 0.100000 7.500000 5016.007000
0.061700 -0.761338 -0.208756 -0.613829 0.032800 0.051600 0.000900 0.100000 7.500000 5016.007070
0.061700 0.321213 -0.679772 0.659342 0.032800 0.051600 0.000900 0.100000 7.500000 5016.006970
0.061700 0.649495 -0.685244 -0.329540 0.032800 0.051600 0.000900 0.100000 7.500000 5016.006970
0.061700 0.591280 -0.583790 0.556397 0.032800 0.051600 0.000900 0.100000 7.500000 5063.010100
0.061700 -0.553710 -0.544934 0.629644 0.032800 0.051600 0.000900 0.100000 7.500000 5063.010000
0.061700 -0.356372 -0.749411 0.558016 0.032800 0.051600 0.000900 0.100000 7.500000 5436.990980
0.061700 -0.448864 -0.529127 -0.720101 0.032800 0.051600 0.000900 0.100000 7.500000 5436.991000
0.061700 0.526354 -0.756325 -0.388490 0.032800 0.051600 0.000900 0.100000 7.500000 5436.991040
0.061700 -0.799589 -0.313551 -0.512194 0.032800 0.051600 0.000900 0.100000 7.500000 5436.991060
0.061700 -0.749382 -0.499237 0.434959 0.032800 0.051600 0.000900 0.100000 7.500000 5436.991100
0.061700 -0.451578 -0.718650 -0.528791 0.032800 0.051600 0.000900 0.100000 7.500000 5436.991100
0.061700 -0.433893 -0.710048 -0.554588 0.032800 0.051600 0.000900 0.100000 7.500000 5436.990900
0.061700 -0.613151 -0.704874 -0.356648 0.032800 0.051600 0.000900 0.100000 7.500000 5436.990930
0.061700 0.754424 -0.564156 0.335518 0.032800 0.051600 0.000900 0.100000 7.500000 5436.991040
0.061700 -0.704314 -0.345949 0.619889 0.032800 0.051600 0.000900 0.100000 7.500000 5436.990950
0.061700 -0.299244 -0.553603 0.777159 0.032800 0.051600 0.000900 0.100000 7.500000 5438.008970
0.061700 0.545234 -0.766281 0.339902 0.032800 0.051600 0.000900 0.100000 7.500000 5438.009000
0.061700 -0.570872 -0.734853 0.366193 0.032800 0.051600 0.000900 0.100000 7.500000 5438.008980
0.061700 0.681655 -0.398713 -0.613494 0.032800 0.051600 0.000900 0.100000 7.500000 5438.008930
0.061700 0.740532 -0.420290 0.524375 0.032800 0.051600 0.000900 0.100000 7.500000 5438.009020
0.061700 0.756505 -0.408098 0.511034 0.032800 0.051600 0.000900 0.100000 7.500000 5438.009040
0.061700 0.297898 -0.569907 -0.765809 0.032800 0.051600 0.000900 0.100000 7.500000 5438.009050
0.061700 0.326871 -0.752061 -0.572328 0.032800 0.051600 0.000900 0.100000 7.500000 5438.009000
0.061700 0.308832 -0.752895 -0.581182 0.032800 0.051600 0.000900 0.100000 7.500000 5438.009020
0.061700 0.578625 -0.669899 -0.465219 0.032800 0.051600 0.000900 0.100000 7.500000 5765.990000
0.061700 0.571969 -0.658925 -0.488539 0.032800 0.051600 0.000900 0.100000 7.500000 5765.990000
0.061700 -0.622793 -0.589706 0.514175 0.032800 0.051600 0.000900 0.100000 7.500000 5765.990000
0.061700 -0.590776 -0.416815 0.690832 0.032800 0.051600 0.000900 0.100000 7.500000 5765.990000
0.061700 -0.425199 -0.601792 0.676056 0.032800 0.051600 0.000900 0.100000 7.500000 5765.990000
0.061700 0.561050 -0.466526 -0.683795 0.032800 0.051600 0.000900 0.100000 7.500000 5765.990100
0.061700 -0.696242 -0.411755 -0.587966 0.032800 0.051600 0.000900 0.100000 7.500000 5765.989960
0.061700 0.367937 -0.649226 -0.665679 0.032800 0.051600 0.000900 0.100000 7.500000 5765.990010
0.061700 0.477168 -0.652400 0.588799 0.032800 0.051600 0.000900 0.100000 7.500000 5765.990000
0.061700 0.735011 -0.035980 0.677100 0.032800 0.051600 0.000900 0.100000 7.500000 6000.000079
0.061700 0.644092 -0.004714 -0.764934 0.032800 0.051600 0.000900 0.100000 7.500000 6000.000016
0.061700 0.641116 -0.762985 -0.082605 0.032800 0.051600 0.000900 0.100000 7.500000 5999.999945
0.061700 0.030218 -0.706839 0.706729 0.032800 0.051600 0.000900 0.100000 7.500000 6000.000027
0.061700 0.668576 -0.715977 -0.200955 0.032800 0.051600 0.000900 0.100000 7.500000 6187.005050
0.061700 0.672738 -0.726577 0.139676 0.032800 0.051600 0.000900 0.100000 7.500000 6187.004970
0.061700 -0.280915 -0.684270 -0.672950 0.032800 0.051600 0.000900 0.100000 7.500000 6187.005050
0.061700 -0.268324 -0.679536 -0.682813 0.032800 0.051600 0.000900 0.100000 7.500000 6187.004970
0.061700 0.737619 -0.203840 0.643714 0.032800 0.051600 0.000900 0.100000 7.500000 6187.005050
0.061700 0.182144 -0.709550 0.680707 0.032800 0.051600 0.000900 0.100000 7.500000 6187.005030
0.061700 -0.149639 -0.689320 0.708834 0.032800 0.051600 0.000900 0.100000 7.500000 6187.004990
0.061700 -0.679392 -0.140710 0.720158 0.032800 0.051600 0.000900 0.100000 7.500000 6187.995000
0.061700 -0.749775 -0.648421 -0.131860 0.032800 0.051600 0.000900 0.100000 7.500000 6187.995000
0.061700 -0.571564 -0.497106 -0.652839 0.032800 0.051600 0.000900 0.100000 7.500000 6375.000100
0.061700 -0.588543 -0.484384 -0.647294 0.032800 0.051600 0.000900 0.100000 7.500000 6375.000000
0.061700 -0.586581 -0.653649 -0.478191 0.032800 0.051600 0.000900 0.100000 7.500000 6375.000000
0.061700 -0.664589 -0.513985 0.542348 0.032800 0.051600 0.000900 0.100000 7.500000 6375.000000
0.061700 -0.650023 -0.497990 0.574000 0.032800 0.051600 0.000900 0.100000 7.500000 6374.999900
0.061700 0.538814 -0.541267 0.645530 0.032800 0.051600 0.000900 0.100000 7.500000 6375.000000
0.061700 0.435828 -0.694881 -0.572009 0.032800 0.051600 0.000900 0.100000 7.500000 6375.000000
0.061700 -0.461430 -0.673309 0.577700 0.032800 0.051600 0.000900 0.100000 7.500000 6375.000000
0.061700 0.631645 -0.519206 -0.575717 0.032800 0.051600 0.000900 0.100000 7.500000 6375.000000
0.061700 0.530182 -0.707059 0.467947 0.032800 0.051600 0.000900 0.100000 7.500000 6375.000000
0.061700 -0.732703 -0.467855 -0.494224 0.032800 0.051600 0.000900 0.100000 7.500000 6375.000000
