0.061700 0.000000 0.000000 0.000000 0.032800 0.051600 0.000900 0.100000 7.000000 0.000000
0.061700 0.000000 0.000000 0.000000 0.032800 0.051600 0.000900 0.100000 7.000000 0.000000
0.061700 0.000000 0.000000 0.000000 0.032800 0.051600 0.000900 0.100000 7.000000 0.000000
0.061700 0.000000 0.000000 0.000000 0.032800 0.051600 0.000900 0.100000 7.000000 0.000000
0.061700 0.000000 0.000000 0.000000 0.032800 0.051600 0.000900 0.100000 7.000000 0.000000
0.061700 0.000000 0.000000 0.000000 0.032800 0.051600 0.000900 0.100000 7.000000 0.000000
0.061700 0.000000 0.000000 0.000000 0.032800 0.051600 0.000900 0.100000 7.000000 0.000000
0.061700 0.000000 0.000000 0.000000 0.032800 0.051600 0.000900 0.100000 7.000000 0.000000
0.061700 0.000000 0.000000 0.000000 0.032800 0.051600 0.000900 0.100000 7.000000 0.000000
0.061700 0.000000 0.000000 0.000000 0.032800 0.051600 0.000900 0.100000 7.000000 0.000000
0.061700 0.000000 0.000000 0.000000 0.032800 0.051600 0.000900 0.100000 7.000000 0.000000
0.061700 0.000000 0.000000 0.000000 0.032800 0.051600 0.000900 0.100000 7.000000 0.000000
0.061700 0.000000 0.000000 0.000000 0.032800 0.051600 0.000900 0.100000 7.000000 0.000000
0.061700 0.000000 0.000000 0.000000 0.032800 0.051600 0.000900 0.100000 7.000000 0.000000
0.061700 0.000000 0.000000 0.000000 0.032800 0.051600 0.000900 0.100000 7.000000 0.000000
0.061700 0.000000 0.000000 0.000000 0.032800 0.051600 0.000900 0.100000 7.000000 0.000000
0.061700 0.000000 0.000000 0.000000 0.032800 0.051600 0.000900 0.100000 7.000000 0.000000
0.061700 0.000000 0.000000 0.000000 0.032800 0.051600 0.000900 0.100000 7.000000 0.000000
0.061700 0.000000 0.000000 0.000000 0.032800 0.051600 0.000900 0.100000 7.000000 0.000000
0.061700 0.000000 0.000000 0.000000 0.032800 0.051600 0.000900 0.100000 7.000000 0.000000
0.061700 -0.382059 -0.396537 0.834739 0.032800 0.051600 0.000900 0.100000 7.000000 5.000000
0.061700 0.390614 -0.597789 0.700049 0.032800 0.051600 0.000900 0.100000 7.000000 5.000000
0.061700 -0.209549 -0.696920 -0.685851 0.032800 0.051600 0.000900 0.100000 7.000000 5.000000
0.061700 0.857631 -0.096818 -0.505069 0.032800 0.051600 0.000900 0.100000 7.000000 5.000000
0.061700 -0.127098 -0.883346 0.451160 0.032800 0.051600 0.000900 0.100000 7.000000 5.000000
0.061700 0.707580 -0.067613 0.703391 0.032800 0.051600 0.000900 0.100000 7.000000 5.000000
0.061700 -0.773690 -0.461089 -0.434511 0.032800 0.051600 0.000900 0.100000 7.000000 5.000000
0.061700 -0.740433 -0.557326 0.375695 0.032800 0.051600 0.000900 0.100000 7.000000 5.000000
0.061700 0.192180 -0.921884 0.336446 0.032800 0.051600 0.000900 0.100000 7.000000 10.000000
0.061700 0.172263 -0.910643 0.375573 0.032800 0.051600 0.000900 0.100000 7.000000 10.000000
0.061700 0.146014 -0.652972 -0.743174 0.032800 0.051600 0.000900 0.100000 7.000000 10.000000
0.061700 -0.526005 -0.679305 -0.511726 0.032800 0.051600 0.000900 0.100000 7.000000 10.000000
0.061700 0.793417 -0.421380 -0.439237 0.032800 0.051600 0.000900 0.100000 7.000000 10.000000
0.061700 -0.110209 -0.972474 -0.205303 0.032800 0.051600 0.000900 0.100000 7.000000 10.000000
0.061700 -0.824023 -0.257626 0.504594 0.032800 0.051600 0.000900 0.100000 7.000000 10.000000
0.061700 0.691371 -0.722491 0.003658 0.032800 0.051600 0.000900 0.100000 7.000000 25.000000
0.061700 0.779454 -0.277368 0.561711 0.032800 0.051600 0.000900 0.100000 7.000000 25.000000
0.061700 -0.798491 -0.591789 0.110444 0.032800 0.051600 0.000900 0.100000 7.000000 25.000000
0.061700 -0.632781 -0.335919 0.697673 0.032800 0.051600 0.000900 0.100000 7.000000 25.000000
0.061700 -0.447836 -0.505464 -0.737529 0.032800 0.051600 0.000900 0.100000 7.000000 25.000000
0.061700 -0.811801 -0.555625 0.179613 0.032800 0.051600 0.000900 0.100000 7.000000 25.000000
0.061700 -0.621776 -0.279690 0.731552 0.032800 0.051600 0.000900 0.100000 7.000000 25.000000
0.061700 -0.482582 -0.527503 -0.699182 0.032800 0.051600 0.000900 0.100000 7.000000 25.000000
0.061700 -0.905116 -0.259806 -0.336550 0.032800 0.051600 0.000900 0.100000 7.000000 25.000000
0.061700 0.215374 -0.441806 0.870874 0.032800 0.051600 0.000900 0.100000 7.000000 25.000000
0.061700 -0.685163 -0.039796 0.727302 0.032800 0.051600 0.000900 0.100000 7.000000 40.000000
0.061700 -0.303452 -0.851699 -0.427232 0.032800 0.051600 0.000900 0.100000 7.000000 40.000000
0.061700 0.385353 -0.171723 0.906650 0.032800 0.051600 0.000900 0.100000 7.000000 40.000000
0.061700 -0.042373 -0.988615 0.144379 0.032800 0.051600 0.000900 0.100000 7.000000 40.000000
0.061700 -0.515817 -0.597865 0.613588 0.032800 0.051600 0.000900 0.100000 7.000000 40.000000
0.061700 -0.364955 -0.854308 -0.370089 0.032800 0.051600 0.000900 0.100000 7.000000 40.000000
0.061700 0.419866 -0.136951 0.897194 0.032800 0.051600 0.000900 0.100000 7.000000 40.000000
0.061700 -0.073027 -0.977603 0.197380 0.032800 0.051600 0.000900 0.100000 7.000000 40.000000
0.061700 -0.521555 -0.545571 0.655997 0.032800 0.051600 0.000900 0.100000 7.000000 40.000000
0.061700 0.737754 -0.613909 -0.280777 0.032800 0.051600 0.000900 0.100000 7.000000 40.000000
0.061700 0.336141 -0.469164 0.816636 0.032800 0.051600 0.000900 0.100000 7.000000 60.000000
0.061700 -0.700784 -0.503853 0.505009 0.032800 0.051600 0.000900 0.100000 7.000000 60.000000
0.061700 -0.600740 -0.258426 -0.756524 0.032800 0.051600 0.000900 0.100000 7.000000 60.000000
0.061700 0.963699 -0.041333 -0.263772 0.032800 0.051600 0.000900 0.100000 7.000000 60.000000
0.061700 -0.116595 -0.917963 0.379143 0.032800 0.051600 0.000900 0.100000 7.000000 60.000000
0.061700 0.540791 -0.120086 -0.832541 0.032800 0.051600 0.000900 0.100000 7.000000 80.000000
0.061700 -0.057699 -0.774282 -0.630204 0.032800 0.051600 0.000900 0.100000 7.000000 80.000000
0.061700 0.120001 -0.991886 0.041981 0.032800 0.051600 0.000900 0.100000 7.000000 80.000000
0.061700 -0.651012 -0.688466 0.319684 0.032800 0.051600 0.000900 0.100000 7.000000 80.000000
0.061700 0.875706 -0.101942 0.471961 0.032800 0.051600 0.000900 0.100000 7.000000 80.000000
0.061700 -0.982018 -0.107974 -0.154864 0.032800 0.051600 0.000900 0.100000 7.000000 140.000000
0.061700 0.250943 -0.843085 0.475642 0.032800 0.051600 0.000900 0.100000 7.000000 140.000000
0.061700 0.297048 -0.770429 -0.564094 0.032800 0.051600 0.000900 0.100000 7.000000 140.000000
0.061700 -0.658561 -0.586174 -0.471908 0.032800 0.051600 0.000900 0.100000 7.000000 140.000000
0.061700 -0.329255 -0.944239 -0.001857 0.032800 0.051600 0.000900 0.100000 7.000000 140.000000
0.061700 -0.517075 -0.269909 0.812270 0.032800 0.051600 0.000900 0.100000 7.000000 250.000000
0.061700 0.575876 -0.726783 -0.374372 0.032800 0.051600 0.000900 0.100000 7.000000 250.000000
0.061700 -0.900276 -0.383911 0.205221 0.032800 0.051600 0.000900 0.100000 7.000000 250.000000
0.061700 0.962501 -0.265189 0.057152 0.032800 0.051600 0.000900 0.100000 7.000000 250.000000
0.061700 0.661792 -0.379009 0.646826 0.032800 0.051600 0.000900 0.100000 7.000000 250.000000
0.061700 0.486101 -0.862132 0.142949 0.032800 0.051600 0.000900 0.100000 7.000000 250.000000
0.061700 0.078592 -0.717947 0.691646 0.032800 0.051600 0.000900 0.100000 7.000000 250.000000
0.061700 0.165891 -0.129211 0.977642 0.032800 0.051600 0.000900 0.100000 7.000000 250.000000
0.061700 0.504620 -0.505575 -0.699823 0.032800 0.051600 0.000900 0.100000 7.000000 500.000000
0.061700 0.080506 -0.451470 -0.888647 0.032800 0.051600 0.000900 0.100000 7.000000 500.000000
0.061700 0.315182 -0.505418 -0.803251 0.032800 0.051600 0.000900 0.100000 7.000000 500.000000
0.061700 0.425736 -0.743432 0.515808 0.032800 0.051600 0.000900 0.100000 7.000000 500.000000
0.061700 -0.134214 -0.957730 0.254441 0.032800 0.051600 0.000900 0.100000 7.000000 500.000000
0.061700 -0.819147 -0.573117 0.023138 0.032800 0.051600 0.000900 0.100000 7.000000 500.000000
0.061700 0.143542 -0.974571 0.172065 0.032800 0.051600 0.000900 0.100000 7.000000 500.000000
0.061700 -0.817721 -0.530539 0.223296 0.032800 0.051600 0.000900 0.100000 7.000000 500.000000
0.061700 -0.502167 -0.761995 0.408891 0.032800 0.051600 0.000900 0.100000 7.000000 500.000000
0.061700 0.502879 -0.303998 -0.809134 0.032800 0.051600 0.000900 0.100000 7.000000 500.000000
0.061700 0.158619 -0.658423 -0.735744 0.032800 0.051600 0.000900 0.100000 7.000000 500.000000
0.061700 0.109099 -0.987203 -0.116310 0.032800 0.051600 0.000900 0.100000 7.000000 500.000000
0.061700 -0.279558 -0.952643 0.119657 0.032800 0.051600 0.000900 0.100000 7.000000 500.000000
0.061700 0.829259 -0.061771 -0.555441 0.032800 0.051600 0.000900 0.100000 7.000000 500.000000
0.061700 -0.033064 -0.997586 0.061067 0.032800 0.051600 0.000900 0.100000 7.000000 500.000000
0.061700 -0.936141 -0.018697 0.351127 0.032800 0.051600 0.000900 0.100000 7.000000 500.000000
0.061700 -0.353767 -0.343200 0.870094 0.032800 0.051600 0.000900 0.100000 7.000000 500.000000
0.061700 -0.328394 -0.707563 -0.625709 0.032800 0.051600 0.000900 0.100000 7.000000 500.000000
0.061700 -0.324522 -0.708741 -0.626396 0.032800 0.051600 0.000900 0.100000 7.000000 500.000000
0.061700 0.928562 -0.237021 0.285645 0.032800 0.051600 0.000900 0.100000 7.000000 500.000000
0.061700 0.142060 -0.819136 -0.555730 0.032800 0.051600 0.000900 0.100000 7.000000 500.000000
0.061700 -0.439870 -0.893727 -0.088134 0.032800 0.051600 0.000900 0.100000 7.000000 500.000000
0.061700 -0.462440 -0.766873 -0.445033 0.032800 0.051600 0.000900 0.100000 7.000000 500.000000
0.061700 0.540571 -0.680039 -0.495308 0.032800 0.051600 0.000900 0.100000 7.000000 500.000000
0.061700 -0.891566 -0.011613 -0.452742 0.032800 0.051600 0.000900 0.100000 7.000000 500.000000
0.061700 -0.972334 -0.204132 0.113561 0.032800 0.051600 0.000900 0.100000 7.000000 500.000000
0.061700 -0.968429 -0.184105 0.168078 0.032800 0.051600 0.000900 0.100000 7.000000 500.000000
0.061700 -0.663876 -0.634424 -0.395949 0.032800 0.051600 0.000900 0.100000 7.000000 500.000000
0.061700 -0.914146 -0.227217 -0.335723 0.032800 0.051600 0.000900 0.100000 7.000000 500.000000
0.061700 0.337765 -0.919712 -0.200112 0.032800 0.051600 0.000900 0.100000 7.000000 500.000000
0.061700 -0.749755 -0.018870 -0.661447 0.032800 0.051600 0.000900 0.100000 7.000000 500.000000
0.061700 -0.363557 -0.895693 -0.256047 0.032800 0.051600 0.000900 0.100000 7.000000 500.000000
0.061700 -0.108665 -0.031777 -0.993570 0.032800 0.051600 0.000900 0.100000 7.000000 500.000000
0.061700 0.203442 -0.832475 0.515361 0.032800 0.051600 0.000900 0.100000 7.000000 500.000000
0.061700 -0.718779 -0.257572 0.645766 0.032800 0.051600 0.000900 0.100000 7.000000 500.000000
0.061700 -0.003124 -0.780878 0.624675 0.032800 0.051600 0.000900 0.100000 7.000000 500.000000
0.061700 -0.998794 -0.048336 -0.008604 0.032800 0.051600 0.000900 0.100000 7.000000 500.000000
0.061700 -0.370829 -0.094168 0.923915 0.032800 0.051600 0.000900 0.100000 7.000000 500.000000
0.061700 0.308079 -0.886343 0.345663 0.032800 0.051600 0.000900 0.100000 7.000000 500.000000
0.061700 -0.587148 -0.776508 -0.228678 0.032800 0.051600 0.000900 0.100000 7.000000 500.000000
0.061700 0.908874 -0.399581 0.119514 0.032800 0.051600 0.000900 0.100000 7.000000 500.000000
0.061700 0.616464 -0.434226 0.656826 0.032800 0.051600 0.000900 0.100000 7.000000 500.000000
0.061700 0.028751 -0.585719 0.810004 0.032800 0.051600 0.000900 0.100000 7.000000 500.000000
0.061700 0.414280 -0.554327 0.721868 0.032800 0.051600 0.000900 0.100000 7.000000 500.000000
0.061700 -0.879288 -0.448354 -0.160720 0.032800 0.051600 0.000900 0.100000 7.000000 500.000000
0.061700 0.158108 -0.938307 -0.307542 0.032800 0.051600 0.000900 0.100000 7.000000 500.000000
0.061700 -0.922025 -0.374658 0.097479 0.032800 0.051600 0.000900 0.100000 7.000000 500.000000
0.061700 0.082488 -0.008451 -0.996556 0.032800 0.051600 0.000900 0.100000 7.000000 500.000000
0.061700 0.076422 -0.012113 -0.997002 0.032800 0.051600 0.000900 0.100000 7.000000 500.000000
0.061700 -0.472637 -0.115227 -0.873692 0.032800 0.051600 0.000900 0.100000 7.000000 500.000000
0.061700 -0.240873 -0.179043 -0.953899 0.032800 0.051600 0.000900 0.100000 7.000000 500.000000
0.061700 0.039335 -0.140319 0.989325 0.032800 0.051600 0.000900 0.100000 7.000000 500.000000
0.061700 0.621760 -0.763973 0.172512 0.032800 0.051600 0.000900 0.100000 7.000000 500.000000
0.061700 0.716357 -0.620121 0.319817 0.032800 0.051600 0.000900 0.100000 7.000000 500.000000
0.061700 -0.158573 -0.463211 0.871946 0.032800 0.051600 0.000900 0.100000 7.000000 500.000000
0.061700 -0.571341 -0.171698 0.802552 0.032800 0.051600 0.000900 0.100000 7.000000 500.000000
0.061700 -0.964261 -0.244575 -0.101897 0.032800 0.051600 0.000900 0.100000 7.000000 500.000000
0.061700 -0.806395 -0.223555 -0.547494 0.032800 0.051600 0.000900 0.100000 7.000000 500.000000
0.061700 0.740059 -0.414992 0.529240 0.032800 0.051600 0.000900 0.100000 7.000000 500.000000
0.061700 0.519656 -0.764595 0.381252 0.032800 0.051600 0.000900 0.100000 7.000000 500.000000
0.061700 -0.682808 -0.211119 -0.699430 0.032800 0.051600 0.000900 0.100000 7.000000 500.000000
0.061700 0.689130 -0.509635 -0.515143 0.032800 0.051600 0.000900 0.100000 7.000000 500.000000
0.061700 0.726838 -0.548844 0.412887 0.032800 0.051600 0.000900 0.100000 7.000000 1000.000000
0.061700 0.126933 -0.446304 -0.885833 0.032800 0.051600 0.000900 0.100000 7.000000 1000.000000
0.061700 0.299251 -0.442433 0.845400 0.032800 0.051600 0.000900 0.100000 7.000000 1000.000000
0.061700 -0.032159 -0.407520 0.912630 0.032800 0.051600 0.000900 0.100000 7.000000 1000.000000
0.061700 0.319652 -0.946520 -0.043858 0.032800 0.051600 0.000900 0.100000 7.000000 1000.000000
0.061700 -0.912462 -0.363921 -0.187015 0.032800 0.051600 0.000900 0.100000 7.000000 1000.000000
0.061700 -0.190990 -0.212083 -0.958407 0.032800 0.051600 0.000900 0.100000 7.000000 1000.000000
0.061700 -0.077670 -0.458086 -0.885508 0.032800 0.051600 0.000900 0.100000 7.000000 1000.000000
0.061700 -0.728581 -0.684022 0.035825 0.032800 0.051600 0.000900 0.100000 7.000000 1000.000000
0.061700 0.866755 -0.271378 0.418436 0.032800 0.051600 0.000900 0.100000 7.000000 1000.000000
0.061700 -0.217862 -0.927163 0.304802 0.032800 0.051600 0.000900 0.100000 7.000000 1000.000000
0.061700 -0.011230 -0.859154 0.511594 0.032800 0.051600 0.000900 0.100000 7.000000 1000.000000
0.061700 -0.864220 -0.026229 0.502430 0.032800 0.051600 0.000900 0.100000 7.000000 1000.000000
0.061700 -0.376408 -0.925107 -0.049947 0.032800 0.051600 0.000900 0.100000 7.000000 1000.000000
0.061700 0.297857 -0.300667 0.906025 0.032800 0.051600 0.000900 0.100000 7.000000 1000.000000
0.061700 -0.053882 -0.920954 0.385929 0.032800 0.051600 0.000900 0.100000 7.000000 1000.000000
0.061700 -0.331235 -0.689524 -0.644081 0.032800 0.051600 0.000900 0.100000 7.000000 1000.000000
0.061700 -0.969546 -0.097688 -0.224584 0.032800 0.051600 0.000900 0.100000 7.000000 1000.000000
0.061700 -0.313416 -0.257181 -0.914127 0.032800 0.051600 0.000900 0.100000 7.000000 1000.000000
0.061700 0.376671 -0.017279 0.926186 0.032800 0.051600 0.000900 0.100000 7.000000 1000.000000
0.061700 0.982915 -0.132609 -0.127646 0.032800 0.051600 0.000900 0.100000 7.000000 1000.000000
0.061700 -0.405306 -0.904507 0.132640 0.032800 0.051600 0.000900 0.100000 7.000000 1000.000000
0.061700 0.134251 -0.506016 0.852012 0.032800 0.051600 0.000900 0.100000 7.000000 1000.000000
0.061700 0.344267 -0.268906 -0.899539 0.032800 0.051600 0.000900 0.100000 7.000000 1000.000000
0.061700 0.229588 -0.888615 0.397056 0.032800 0.051600 0.000900 0.100000 7.000000 1000.000000
0.061700 0.996108 -0.036496 -0.080228 0.032800 0.051600 0.000900 0.100000 7.000000 1000.000000
0.061700 -0.822139 -0.557946 0.113061 0.032800 0.051600 0.000900 0.100000 7.000000 1000.000000
0.061700 0.189239 -0.757936 -0.624277 0.032800 0.051600 0.000900 0.100000 7.000000 1000.000000
0.061700 -0.883408 -0.349018 0.312693 0.032800 0.051600 0.000900 0.100000 7.000000 1000.000000
0.061700 0.771040 -0.548127 -0.324122 0.032800 0.051600 0.000900 0.100000 7.000000 1000.000000
0.061700 0.223739 -0.194891 0.954965 0.032800 0.051600 0.000900 0.100000 7.000000 1000.000000
0.061700 -0.996043 -0.016187 -0.087387 0.032800 0.051600 0.000900 0.100000 7.000000 1000.000000
0.061700 0.364109 -0.914226 -0.177805 0.032800 0.051600 0.000900 0.100000 7.000000 1000.000000
0.061700 -0.475738 -0.159948 -0.864922 0.032800 0.051600 0.000900 0.100000 7.000000 1000.000000
0.061700 -0.279212 -0.944022 0.175681 0.032800 0.051600 0.000900 0.100000 7.000000 1000.000000
0.061700 0.788166 -0.292694 -0.541410 0.032800 0.051600 0.000900 0.100000 7.000000 1000.000000
0.061700 -0.309768 -0.420236 -0.852904 0.032800 0.051600 0.000900 0.100000 7.000000 1000.000000
0.061700 -0.765940 -0.107669 -0.633832 0.032800 0.051600 0.000900 0.100000 7.000000 1000.000000
0.061700 -0.677581 -0.175602 0.714176 0.032800 0.051600 0.000900 0.100000 7.000000 1000.000000
0.061700 0.427892 -0.757554 -0.492971 0.032800 0.051600 0.000900 0.100000 7.000000 1000.000000
0.061700 0.420299 -0.685114 0.594952 0.032800 0.051600 0.000900 0.100000 7.000000 1000.000000
0.061700 0.742395 -0.350293 0.571091 0.032800 0.051600 0.000900 0.100000 7.000000 1000.000000
0.061700 -0.874967 -0.372598 -0.309198 0.032800 0.051600 0.000900 0.100000 7.000000 1000.000000
0.061700 -0.686412 -0.232242 -0.689132 0.032800 0.051600 0.000900 0.100000 7.000000 1000.000000
0.061700 -0.509558 -0.325445 0.796515 0.032800 0.051600 0.000900 0.100000 7.000000 1000.000000
0.061700 -0.662972 -0.657773 -0.357494 0.032800 0.051600 0.000900 0.100000 7.000000 1000.000000
0.061700 0.482802 -0.869622 -0.103245 0.032800 0.051600 0.000900 0.100000 7.000000 1000.000000
0.061700 0.595719 -0.702600 -0.389194 0.032800 0.051600 0.000900 0.100000 7.000000 1000.000000
0.061700 0.651045 -0.692584 0.310593 0.032800 0.051600 0.000900 0.100000 7.000000 1000.000000
0.061700 -0.646006 -0.573541 0.503713 0.032800 0.051600 0.000900 0.100000 7.000000 1000.000000
0.061700 -0.361947 -0.635220 0.682268 0.032800 0.051600 0.000900 0.100000 7.000000 1000.000000
0.061700 -0.425624 -0.723892 0.542977 0.032800 0.051600 0.000900 0.100000 7.000000 1000.000000
0.061700 0.436571 -0.346594 -0.830228 0.032800 0.051600 0.000900 0.100000 7.000000 1000.000000
0.061700 0.026416 -0.244567 0.969273 0.032800 0.051600 0.000900 0.100000 7.000000 1000.000000
0.061700 0.416608 -0.504180 -0.756466 0.032800 0.051600 0.000900 0.100000 7.000000 1000.000000
0.061700 0.771407 -0.392783 0.500653 0.032800 0.051600 0.000900 0.100000 7.000000 1000.000000
0.061700 0.646552 -0.486092 0.587950 0.032800 0.051600 0.000900 0.100000 7.000000 1000.000000
0.061700 0.520843 -0.779011 0.349091 0.032800 0.051600 0.000900 0.100000 7.000000 1000.000000
0.061700 0.533139 -0.774635 0.340152 0.032800 0.051600 0.000900 0.100000 7.000000 1000.000000
0.061700 -0.587205 -0.366240 -0.721844 0.032800 0.051600 0.000900 0.100000 7.000000 1000.000000
0.061700 -0.386945 -0.370838 0.844247 0.032800 0.051600 0.000900 0.100000 7.000000 1000.000000
0.061700 -0.389797 -0.044337 0.919833 0.032800 0.051600 0.000900 0.100000 7.000000 1000.000000
0.061700 0.826977 -0.215367 0.519351 0.032800 0.051600 0.000900 0.100000 7.000000 1000.000000
0.061700 -0.941130 -0.259367 0.216804 0.032800 0.051600 0.000900 0.100000 7.000000 1000.000000
0.061700 0.921232 -0.380324 0.081766 0.032800 0.051600 0.000900 0.100000 7.000000 1000.000000
0.061700 -0.767633 -0.542573 -0.341108 0.032800 0.051600 0.000900 0.100000 7.000000 1000.000000
0.061700 0.180569 -0.970271 -0.161150 0.032800 0.051600 0.000900 0.100000 7.000000 1000.000000
0.061700 0.249218 -0.966169 0.066388 0.032800 0.051600 0.000900 0.100000 7.000000 1000.000000
0.061700 -0.241669 -0.500967 -0.831040 0.032800 0.051600 0.000900 0.100000 7.000000 1000.000000
0.061700 0.021370 -0.179432 -0.983538 0.032800 0.051600 0.000900 0.100000 7.000000 1000.000000
0.061700 0.698589 -0.715346 -0.015919 0.032800 0.051600 0.000900 0.100000 7.000000 1000.000000
0.061700 0.080862 -0.778586 0.622307 0.032800 0.051600 0.000900 0.100000 7.000000 1000.000000
0.061700 0.088952 -0.777190 0.622947 0.032800 0.051600 0.000900 0.100000 7.000000 1000.000000
0.061700 0.019579 -0.957849 0.286604 0.032800 0.051600 0.000900 0.100000 7.000000 1000.000000
0.061700 0.959917 -0.277838 0.036948 0.032800 0.051600 0.000900 0.100000 7.000000 1000.000000
0.061700 0.636295 -0.744068 0.203697 0.032800 0.051600 0.000900 0.100000 7.000000 1000.000000
0.061700 0.414049 -0.910022 0.020563 0.032800 0.051600 0.000900 0.100000 7.000000 1000.000000
0.061700 -0.850272 -0.488402 -0.196216 0.032800 0.051600 0.000900 0.100000 7.000000 1000.000000
0.061700 -0.972906 -0.201927 -0.112600 0.032800 0.051600 0.000900 0.100000 7.000000 1000.000000
0.061700 0.202397 -0.018433 0.979130 0.032800 0.051600 0.000900 0.100000 7.000000 1000.000000
0.061700 0.731860 -0.191134 0.654101 0.032800 0.051600 0.000900 0.100000 7.000000 1000.000000
0.061700 -0.406096 -0.210668 0.889216 0.032800 0.051600 0.000900 0.100000 7.000000 1000.000000
0.061700 0.902600 -0.354279 0.244540 0.032800 0.051600 0.000900 0.100000 7.000000 1000.000000
0.061700 0.842884 -0.041859 0.536465 0.032800 0.051600 0.000900 0.100000 7.000000 1000.000000
0.061700 0.077597 -0.112526 0.990614 0.032800 0.051600 0.000900 0.100000 7.000000 1000.000000
0.061700 0.931776 -0.009861 0.362901 0.032800 0.051600 0.000900 0.100000 7.000000 1000.000000
0.061700 0.991566 -0.117507 0.054676 0.032800 0.051600 0.000900 0.100000 7.000000 1000.000000
0.061700 -0.197065 -0.707632 -0.678544 0.032800 0.051600 0.000900 0.100000 7.000000 1000.000000
0.061700 0.158425 -0.139804 -0.977423 0.032800 0.051600 0.000900 0.100000 7.000000 1000.000000
0.061700 0.084178 -0.030073 -0.995997 0.032800 0.051600 0.000900 0.100000 7.000000 1000.000000
0.061700 -0.946838 -0.030742 0.320240 0.032800 0.051600 0.000900 0.100000 7.000000 1000.000000
0.061700 -0.265745 -0.134546 -0.954608 0.032800 0.051600 0.000900 0.100000 7.000000 1000.000000
0.061700 -0.417141 -0.860070 -0.293723 0.032800 0.051600 0.000900 0.100000 7.000000 1000.000000
0.061700 -0.695975 -0.047208 0.716512 0.032800 0.051600 0.000900 0.100000 7.000000 1000.000000
0.061700 0.920177 -0.225368 -0.320130 0.032800 0.051600 0.000900 0.100000 7.000000 1000.000000
0.061700 0.854717 -0.407965 -0.320973 0.032800 0.051600 0.000900 0.100000 7.000000 1000.000000
0.061700 -0.508344 -0.839961 0.189873 0.032800 0.051600 0.000900 0.100000 7.000000 1000.000000
0.061700 0.505068 -0.845147 0.175023 0.032800 0.051600 0.000900 0.100000 7.000000 1000.000000
0.061700 0.077922 -0.940379 -0.331083 0.032800 0.051600 0.000900 0.100000 7.000000 1000.000000
0.061700 -0.175173 -0.972501 -0.153481 0.032800 0.051600 0.000900 0.100000 7.000000 1000.000000
0.061700 0.049316 -0.985987 -0.159365 0.032800 0.051600 0.000900 0.100000 7.000000 1000.000000
0.061700 -0.049974 -0.997756 -0.044555 0.032800 0.051600 0.000900 0.100000 7.000000 1000.000000
0.061700 -0.273748 -0.150965 0.949880 0.032800 0.051600 0.000900 0.100000 7.000000 1000.000000
0.061700 -0.726457 -0.663304 0.179690 0.032800 0.051600 0.000900 0.100000 7.000000 1000.000000
0.061700 0.018372 -0.571046 -0.820713 0.032800 0.051600 0.000900 0.100000 7.000000 1000.000000
0.061700 0.816037 -0.574832 -0.060423 0.032800 0.051600 0.000900 0.100000 7.000000 1000.000000
0.061700 0.797826 -0.045671 -0.601156 0.032800 0.051600 0.000900 0.100000 7.000000 1000.000000
0.061700 0.480025 -0.185703 -0.857374 0.032800 0.051600 0.000900 0.100000 7.000000 1000.000000
0.061700 -0.823711 -0.519395 0.227441 0.032800 0.051600 0.000900 0.100000 7.000000 1000.000000
0.061700 -0.381845 -0.824635 -0.417338 0.032800 0.051600 0.000900 0.100000 7.000000 1000.000000
0.061700 0.759780 -0.056835 0.647691 0.032800 0.051600 0.000900 0.100000 7.000000 1000.000000
0.061700 0.323683 -0.610569 0.722797 0.032800 0.051600 0.000900 0.100000 7.000000 1000.000000
0.061700 -0.133531 -0.565427 0.813918 0.032800 0.051600 0.000900 0.100000 7.000000 1000.000000
0.061700 0.055701 -0.808491 -0.585866 0.032800 0.051600 0.000900 0.100000 7.000000 1000.000000
0.061700 -0.414299 -0.500226 0.760349 0.032800 0.051600 0.000900 0.100000 7.000000 1000.000000
0.061700 -0.421067 -0.494786 0.760191 0.032800 0.051600 0.000900 0.100000 7.000000 1000.000000
0.061700 0.260875 -0.387347 -0.884255 0.032800 0.051600 0.000900 0.100000 7.000000 1000.000000
0.061700 0.323518 -0.799477 0.506134 0.032800 0.051600 0.000900 0.100000 7.000000 1000.000000
0.061700 0.313196 -0.805678 -0.502784 0.032800 0.051600 0.000900 0.100000 7.000000 1000.000000
0.061700 0.670639 -0.382481 -0.635572 0.032800 0.051600 0.000900 0.100000 7.000000 1000.000000
0.061700 0.562395 -0.469235 -0.680830 0.032800 0.051600 0.000900 0.100000 7.000000 1000.000000
0.061700 -0.848064 -0.322321 0.420590 0.032800 0.051600 0.000900 0.100000 7.000000 1000.000000
0.061700 -0.837290 -0.320253 0.443152 0.032800 0.051600 0.000900 0.100000 7.000000 1000.000000
0.061700 0.624918 -0.540805 -0.563034 0.032800 0.051600 0.000900 0.100000 7.000000 1000.000000
0.061700 -0.606651 -0.660176 0.442879 0.032800 0.051600 0.000900 0.100000 7.000000 1000.000000
0.061700 0.212919 -0.842214 -0.495318 0.032800 0.051600 0.000900 0.100000 7.000000 2000.000000
0.061700 -0.745966 -0.656744 0.110551 0.032800 0.051600 0.000900 0.100000 7.000000 2000.000000
0.061700 0.350958 -0.092696 -0.931792 0.032800 0.051600 0.000900 0.100000 7.000000 2000.000000
0.061700 -0.094076 -0.754626 -0.649376 0.032800 0.051600 0.000900 0.100000 7.000000 2000.000000
0.061700 0.568402 -0.750111 0.338012 0.032800 0.051600 0.000900 0.100000 7.000000 2000.000000
0.061700 -0.310339 -0.297116 -0.903002 0.032800 0.051600 0.000900 0.100000 7.000000 2000.000000
0.061700 -0.292451 -0.311698 -0.904056 0.032800 0.051600 0.000900 0.100000 7.000000 2000.000000
0.061700 0.251848 -0.572485 0.780278 0.032800 0.051600 0.000900 0.100000 7.000000 2000.000000
0.061700 -0.584383 -0.239719 -0.775262 0.032800 0.051600 0.000900 0.100000 7.000000 2000.000000
0.061700 -0.072774 -0.190983 -0.978892 0.032800 0.051600 0.000900 0.100000 7.000000 2000.000000
0.061700 -0.989047 -0.146167 0.020538 0.032800 0.051600 0.000900 0.100000 7.000000 2000.000000
0.061700 0.085259 -0.922122 0.377387 0.032800 0.051600 0.000900 0.100000 7.000000 2000.000000
0.061700 -0.105546 -0.914416 -0.390772 0.032800 0.051600 0.000900 0.100000 7.000000 2000.000000
0.061700 0.149142 -0.851931 0.501967 0.032800 0.051600 0.000900 0.100000 7.000000 2000.000000
0.061700 0.130837 -0.564319 0.815123 0.032800 0.051600 0.000900 0.100000 7.000000 2000.000000
0.061700 0.976401 -0.173925 -0.128029 0.032800 0.051600 0.000900 0.100000 7.000000 2000.000000
0.061700 -0.282437 -0.868090 -0.408226 0.032800 0.051600 0.000900 0.100000 7.000000 2000.000000
0.061700 -0.389762 -0.832616 0.393491 0.032800 0.051600 0.000900 0.100000 7.000000 2000.000000
0.061700 0.378410 -0.404634 0.832513 0.032800 0.051600 0.000900 0.100000 7.000000 2000.000000
0.061700 0.778850 -0.532285 -0.331760 0.032800 0.051600 0.000900 0.100000 7.000000 2000.000000
0.061700 -0.303164 -0.786451 0.538132 0.032800 0.051600 0.000900 0.100000 7.000000 2000.000000
0.061700 0.889952 -0.456040 -0.003642 0.032800 0.051600 0.000900 0.100000 7.000000 2000.000000
0.061700 -0.232216 -0.970728 0.061346 0.032800 0.051600 0.000900 0.100000 7.000000 2000.000000
0.061700 -0.067225 -0.635152 -0.769456 0.032800 0.051600 0.000900 0.100000 7.000000 2000.000000
0.061700 -0.202405 -0.846993 0.491565 0.032800 0.051600 0.000900 0.100000 7.000000 2000.000000
0.061700 0.600541 -0.150225 -0.785355 0.032800 0.051600 0.000900 0.100000 7.000000 2000.000000
0.061700 -0.645672 -0.050925 -0.761915 0.032800 0.051600 0.000900 0.100000 7.000000 2000.000000
0.061700 0.363313 -0.388157 -0.846958 0.032800 0.051600 0.000900 0.100000 7.000000 2000.000000
0.061700 -0.699276 -0.529394 0.480369 0.032800 0.051600 0.000900 0.100000 7.000000 2000.000000
0.061700 0.765301 -0.281581 0.578815 0.032800 0.051600 0.000900 0.100000 7.000000 2000.000000
0.061700 -0.486443 -0.757934 0.434636 0.032800 0.051600 0.000900 0.100000 7.000000 2000.000000
0.061700 0.623163 -0.262807 0.736615 0.032800 0.051600 0.000900 0.100000 7.000000 2000.000000
0.061700 -0.063335 -0.536379 0.841597 0.032800 0.051600 0.000900 0.100000 7.000000 2000.000000
0.061700 -0.375177 -0.925500 0.051886 0.032800 0.051600 0.000900 0.100000 7.000000 2000.000000
0.061700 -0.542954 -0.839701 -0.010132 0.032800 0.051600 0.000900 0.100000 7.000000 2000.000000
0.061700 -0.241636 -0.791936 -0.560758 0.032800 0.051600 0.000900 0.100000 7.000000 2000.000000
0.061700 0.476477 -0.877500 0.054430 0.032800 0.051600 0.000900 0.100000 7.000000 2000.000000
0.061700 0.301111 -0.944212 0.133399 0.032800 0.051600 0.000900 0.100000 7.000000 2000.000000
0.061700 -0.067033 -0.850640 0.521458 0.032800 0.051600 0.000900 0.100000 7.000000 2000.000000
0.061700 0.065641 -0.778294 0.624459 0.032800 0.051600 0.000900 0.100000 7.000000 2000.000000
0.061700 0.448620 -0.446201 -0.774367 0.032800 0.051600 0.000900 0.100000 7.000000 2000.000000
0.061700 0.519878 -0.421777 0.742854 0.032800 0.051600 0.000900 0.100000 7.000000 2000.000000
0.061700 0.395506 -0.256987 -0.881778 0.032800 0.051600 0.000900 0.100000 7.000000 2000.000000
0.061700 0.333036 -0.291492 0.896727 0.032800 0.051600 0.000900 0.100000 7.000000 2000.000000
0.061700 -0.806294 -0.016656 0.591280 0.032800 0.051600 0.000900 0.100000 7.000000 2000.000000
0.061700 0.155489 -0.680737 0.715835 0.032800 0.051600 0.000900 0.100000 7.000000 2000.000000
0.061700 0.955528 -0.093468 -0.279695 0.032800 0.051600 0.000900 0.100000 7.000000 2000.000000
0.061700 -0.163434 -0.630893 0.758461 0.032800 0.051600 0.000900 0.100000 7.000000 2000.000000
0.061700 0.974217 -0.067884 0.215159 0.032800 0.051600 0.000900 0.100000 7.000000 2000.000000
0.061700 0.076923 -0.328807 -0.941259 0.032800 0.051600 0.000900 0.100000 7.000000 2000.000000
0.061700 -0.525127 -0.842273 0.121728 0.032800 0.051600 0.000900 0.100000 7.000000 2000.000000
0.061700 0.099500 -0.703028 -0.704167 0.032800 0.051600 0.000900 0.100000 7.000000 2000.000000
0.061700 0.447760 -0.591295 -0.670732 0.032800 0.051600 0.000900 0.100000 7.000000 2000.000000
0.061700 0.433505 -0.597536 -0.674555 0.032800 0.051600 0.000900 0.100000 7.000000 2000.000000
0.061700 0.706870 -0.510161 -0.489971 0.032800 0.051600 0.000900 0.100000 7.000000 2000.000000
0.061700 0.448096 -0.665803 0.596587 0.032800 0.051600 0.000900 0.100000 7.000000 2000.000000
0.061700 0.844038 -0.320983 0.429617 0.032800 0.051600 0.000900 0.100000 7.000000 2000.000000
0.061700 -0.539199 -0.623428 -0.566216 0.032800 0.051600 0.000900 0.100000 7.000000 2000.000000
0.061700 -0.569737 -0.433438 0.698234 0.032800 0.051600 0.000900 0.100000 7.000000 2000.000000
0.061700 0.598770 -0.487392 -0.635549 0.032800 0.051600 0.000900 0.100000 7.000000 2000.000000
0.061700 0.599778 -0.489748 -0.632782 0.032800 0.051600 0.000900 0.100000 7.000000 2000.000000
0.061700 0.612147 -0.622642 -0.487436 0.032800 0.051600 0.000900 0.100000 7.000000 2000.000000
0.061700 0.373486 -0.569509 -0.732235 0.032800 0.051600 0.000900 0.100000 7.000000 2000.000000
0.061700 -0.356189 -0.677155 -0.643887 0.032800 0.051600 0.000900 0.100000 7.000000 2000.000000
0.061700 -0.667654 -0.683641 -0.294742 0.032800 0.051600 0.000900 0.100000 7.000000 2000.000000
0.061700 -0.682218 -0.576979 -0.449081 0.032800 0.051600 0.000900 0.100000 7.000000 2000.000000
0.061700 -0.373465 -0.567930 0.733471 0.032800 0.051600 0.000900 0.100000 7.000000 2000.000000
0.061700 -0.994437 -0.051318 -0.091991 0.032800 0.051600 0.000900 0.100000 7.000000 2000.000000
0.061700 -0.310288 -0.075524 0.947638 0.032800 0.051600 0.000900 0.100000 7.000000 2000.000000
0.061700 0.604410 -0.149060 0.782604 0.032800 0.051600 0.000900 0.100000 7.000000 2000.000000
0.061700 -0.277545 -0.942773 0.184790 0.032800 0.051600 0.000900 0.100000 7.000000 2000.000000
0.061700 -0.970459 -0.084502 -0.225984 0.032800 0.051600 0.000900 0.100000 7.000000 2000.000000
0.061700 0.831951 -0.102993 -0.545207 0.032800 0.051600 0.000900 0.100000 7.000000 2000.000000
0.061700 0.839552 -0.506972 -0.195274 0.032800 0.051600 0.000900 0.100000 7.000000 2000.000000
0.061700 -0.322073 -0.577781 -0.749959 0.032800 0.051600 0.000900 0.100000 7.000000 2000.000000
0.061700 0.676700 -0.566410 0.470380 0.032800 0.051600 0.000900 0.100000 7.000000 2000.000000
0.061700 0.244061 -0.766970 0.593457 0.032800 0.051600 0.000900 0.100000 7.000000 2000.000000
0.061700 0.407285 -0.125046 -0.904700 0.032800 0.051600 0.000900 0.100000 7.000000 2000.000000
0.061700 0.411807 -0.131548 -0.901726 0.032800 0.051600 0.000900 0.100000 7.000000 2000.000000
0.061700 -0.724823 -0.434861 -0.534348 0.032800 0.051600 0.000900 0.100000 7.000000 2000.000000
0.061700 0.378191 -0.898788 0.221702 0.032800 0.051600 0.000900 0.100000 7.000000 2000.000000
0.061700 -0.350515 -0.370939 0.859967 0.032800 0.051600 0.000900 0.100000 7.000000 2000.000000
0.061700 0.259119 -0.885295 0.386148 0.032800 0.051600 0.000900 0.100000 7.000000 2000.000000
0.061700 0.648772 -0.732470 0.206353 0.032800 0.051600 0.000900 0.100000 7.000000 2000.000000
0.061700 -0.787418 -0.311968 -0.531648 0.032800 0.051600 0.000900 0.100000 7.000000 2000.000000
0.061700 0.015965 -0.402403 0.915323 0.032800 0.051600 0.000900 0.100000 7.000000 2000.000000
0.061700 -0.146788 -0.376451 0.914734 0.032800 0.051600 0.000900 0.100000 7.000000 2000.000000
0.061700 0.490701 -0.004621 0.871316 0.032800 0.051600 0.000900 0.100000 7.000000 2000.000000
0.061700 -0.235354 -0.964936 -0.116216 0.032800 0.051600 0.000900 0.100000 7.000000 2000.000000
0.061700 0.825607 -0.266245 -0.497481 0.032800 0.051600 0.000900 0.100000 7.000000 2000.000000
0.061700 0.950471 -0.271690 0.150963 0.032800 0.051600 0.000900 0.100000 7.000000 2000.000000
0.061700 -0.843428 -0.520266 0.133989 0.032800 0.051600 0.000900 0.100000 7.000000 2000.000000
0.061700 0.910216 -0.181328 0.372326 0.032800 0.051600 0.000900 0.100000 7.000000 2000.000000
0.061700 -0.131146 -0.969069 0.209058 0.032800 0.051600 0.000900 0.100000 7.000000 2000.000000
0.061700 -0.816069 -0.362557 0.450092 0.032800 0.051600 0.000900 0.100000 7.000000 2000.000000
0.061700 -0.764260 -0.587157 0.266747 0.032800 0.051600 0.000900 0.100000 7.000000 2000.000000
0.061700 0.399738 -0.854233 -0.332407 0.032800 0.051600 0.000900 0.100000 7.000000 2000.000000
0.061700 -0.007507 -0.880332 -0.474299 0.032800 0.051600 0.000900 0.100000 7.000000 2000.000000
0.061700 0.986891 -0.159554 0.024253 0.032800 0.051600 0.000900 0.100000 7.000000 2000.000000
0.061700 -0.862862 -0.058921 0.501994 0.032800 0.051600 0.000900 0.100000 7.000000 2000.000000
0.061700 -0.074455 -0.993999 -0.080137 0.032800 0.051600 0.000900 0.100000 7.000000 2000.000000
0.061700 0.059317 -0.977073 0.204475 0.032800 0.051600 0.000900 0.100000 7.000000 2000.000000
0.061700 0.709084 -0.704106 0.037885 0.032800 0.051600 0.000900 0.100000 7.000000 2000.000000
0.061700 0.311259 -0.797064 -0.517500 0.032800 0.051600 0.000900 0.100000 7.000000 2000.000000
0.061700 -0.469311 -0.524441 -0.710429 0.032800 0.051600 0.000900 0.100000 7.000000 2000.000000
0.061700 -0.475986 -0.345662 0.808675 0.032800 0.051600 0.000900 0.100000 7.000000 2000.000000
0.061700 0.073112 -0.812849 -0.577868 0.032800 0.051600 0.000900 0.100000 7.000000 2000.000000
0.061700 -0.909177 -0.385855 0.156569 0.032800 0.051600 0.000900 0.100000 7.000000 2000.000000
0.061700 0.923469 -0.253917 -0.287630 0.032800 0.051600 0.000900 0.100000 7.000000 2000.000000
0.061700 -0.406724 -0.037496 0.912781 0.032800 0.051600 0.000900 0.100000 7.000000 2000.000000
0.061700 0.239598 -0.171089 0.955679 0.032800 0.051600 0.000900 0.100000 7.000000 2000.000000
0.061700 -0.638429 -0.762792 0.102747 0.032800 0.051600 0.000900 0.100000 7.000000 2000.000000
0.061700 -0.365310 -0.437902 -0.821456 0.032800 0.051600 0.000900 0.100000 7.000000 2000.000000
0.061700 -0.266055 -0.478441 0.836845 0.032800 0.051600 0.000900 0.100000 7.000000 2000.000000
0.061700 -0.430726 -0.833554 -0.345923 0.032800 0.051600 0.000900 0.100000 7.000000 2000.000000
0.061700 -0.178765 -0.950477 -0.254239 0.032800 0.051600 0.000900 0.100000 7.000000 2000.000000
0.061700 -0.629121 -0.765588 -0.134469 0.032800 0.051600 0.000900 0.100000 7.000000 2000.000000
0.061700 -0.076175 -0.923746 0.375355 0.032800 0.051600 0.000900 0.100000 7.000000 2000.000000
0.061700 0.100745 -0.994603 -0.024812 0.032800 0.051600 0.000900 0.100000 7.000000 2000.000000
0.061700 -0.226644 -0.175347 -0.958064 0.032800 0.051600 0.000900 0.100000 7.000000 2000.000000
0.061700 0.615041 -0.787563 0.038337 0.032800 0.051600 0.000900 0.100000 7.000000 2000.000000
0.061700 -0.885795 -0.245834 -0.393614 0.032800 0.051600 0.000900 0.100000 7.000000 2000.000000
0.061700 -0.455912 -0.429301 0.779644 0.032800 0.051600 0.000900 0.100000 7.000000 2000.000000
0.061700 0.193759 -0.364939 -0.910646 0.032800 0.051600 0.000900 0.100000 7.000000 2000.000000
0.061700 0.384247 -0.919030 -0.087971 0.032800 0.051600 0.000900 0.100000 7.000000 2000.000000
0.061700 0.281266 -0.696919 0.659691 0.032800 0.051600 0.000900 0.100000 7.500000 3000.000000
0.061700 -0.680934 -0.378566 0.626910 0.032800 0.051600 0.000900 0.100000 7.500000 3000.000000
0.061700 -0.672423 -0.200593 -0.712468 0.032800 0.051600 0.000900 0.100000 7.500000 3000.000000
0.061700 -0.174678 -0.785015 0.594339 0.032800 0.051600 0.000900 0.100000 7.500000 3000.000000
0.061700 0.962885 -0.263614 0.057971 0.032800 0.051600 0.000900 0.100000 7.500000 3000.000000
0.061700 0.282896 -0.430873 0.856924 0.032800 0.051600 0.000900 0.100000 7.500000 3000.000000
0.061700 -0.274959 -0.078658 0.958233 0.032800 0.051600 0.000900 0.100000 7.500000 3000.000000
0.061700 0.412914 -0.902878 0.119636 0.032800 0.051600 0.000900 0.100000 7.500000 3000.000000
0.061700 -0.330392 -0.941898 0.060576 0.032800 0.051600 0.000900 0.100000 7.500000 3000.000000
0.061700 0.473789 -0.676068 -0.564319 0.032800 0.051600 0.000900 0.100000 7.500000 3000.000000
0.061700 0.500329 -0.398925 -0.768459 0.032800 0.051600 0.000900 0.100000 7.500000 3000.000000
0.061700 0.270877 -0.599004 0.753538 0.032800 0.051600 0.000900 0.100000 7.500000 3000.000000
0.061700 -0.124941 -0.350583 0.928160 0.032800 0.051600 0.000900 0.100000 7.500000 3000.000000
0.061700 -0.461131 -0.692789 -0.554438 0.032800 0.051600 0.000900 0.100000 7.500000 3000.000000
0.061700 -0.651625 -0.644831 0.399472 0.032800 0.051600 0.000900 0.100000 7.500000 3000.000000
0.061700 0.233778 -0.932232 -0.276209 0.032800 0.051600 0.000900 0.100000 7.500000 3000.000000
0.061700 0.108142 -0.994043 -0.013572 0.032800 0.051600 0.000900 0.100000 7.500000 3000.000000
0.061700 0.147016 -0.868456 0.473466 0.032800 0.051600 0.000900 0.100000 7.500000 3000.000000
0.061700 0.135546 -0.794623 0.591779 0.032800 0.051600 0.000900 0.100000 7.500000 3000.000000
0.061700 0.271330 -0.095473 -0.957740 0.032800 0.051600 0.000900 0.100000 7.500000 3000.000000
0.061700 0.489280 -0.795705 -0.357014 0.032800 0.051600 0.000900 0.100000 7.500000 3000.000000
0.061700 0.549922 -0.077009 -0.831658 0.032800 0.051600 0.000900 0.100000 7.500000 3000.000000
0.061700 0.751897 -0.447463 -0.484177 0.032800 0.051600 0.000900 0.100000 7.500000 3000.000000
0.061700 0.195428 -0.866929 -0.458522 0.032800 0.051600 0.000900 0.100000 7.500000 3000.000000
0.061700 0.379544 -0.462870 0.801060 0.032800 0.051600 0.000900 0.100000 7.500000 3000.000000
0.061700 0.740136 -0.190931 0.644782 0.032800 0.051600 0.000900 0.100000 7.500000 3000.000000
0.061700 -0.721777 -0.684354 0.103431 0.032800 0.051600 0.000900 0.100000 7.500000 3000.000000
0.061700 -0.714953 -0.060108 -0.696584 0.032800 0.051600 0.000900 0.100000 7.500000 3000.000000
0.061700 0.003964 -0.612561 0.790413 0.032800 0.051600 0.000900 0.100000 7.500000 3000.000000
0.061700 0.407576 -0.166044 0.897948 0.032800 0.051600 0.000900 0.100000 7.500000 3000.000000
0.061700 -0.168126 -0.177145 -0.969718 0.032800 0.051600 0.000900 0.100000 7.500000 3000.000000
0.061700 -0.359392 -0.930732 -0.067649 0.032800 0.051600 0.000900 0.100000 7.500000 3000.000000
0.061700 0.944646 -0.012293 -0.327861 0.032800 0.051600 0.000900 0.100000 7.500000 3000.000000
0.061700 0.192076 -0.563280 -0.803631 0.032800 0.051600 0.000900 0.100000 7.500000 3000.000000
0.061700 0.986393 -0.164283 -0.006365 0.032800 0.051600 0.000900 0.100000 7.500000 3000.000000
0.061700 0.649887 -0.472523 0.595289 0.032800 0.051600 0.000900 0.100000 7.500000 3000.000000
0.061700 -0.307556 -0.232271 0.922746 0.032800 0.051600 0.000900 0.100000 7.500000 3000.000000
0.061700 0.028782 -0.929449 -0.367825 0.032800 0.051600 0.000900 0.100000 7.500000 3000.000000
0.061700 -0.962306 -0.268267 0.044728 0.032800 0.051600 0.000900 0.100000 7.500000 3000.000000
0.061700 0.283755 -0.070526 0.956300 0.032800 0.051600 0.000900 0.100000 7.500000 3000.000000
0.061700 0.850836 -0.152249 0.502889 0.032800 0.051600 0.000900 0.100000 7.500000 3000.000000
0.061700 -0.105068 -0.922489 -0.371450 0.032800 0.051600 0.000900 0.100000 7.500000 3000.000000
0.061700 -0.238588 -0.958569 -0.155630 0.032800 0.051600 0.000900 0.100000 7.500000 3000.000000
0.061700 -0.971442 -0.184702 -0.148948 0.032800 0.051600 0.000900 0.100000 7.500000 3000.000000
0.061700 0.136021 -0.982304 0.128753 0.032800 0.051600 0.000900 0.100000 7.500000 3000.000000
0.061700 0.700027 -0.364193 0.614268 0.032800 0.051600 0.000900 0.100000 7.500000 3000.000000
0.061700 -0.693164 -0.322700 -0.644506 0.032800 0.051600 0.000900 0.100000 7.500000 3000.000000
0.061700 -0.867737 -0.437280 -0.236261 0.032800 0.051600 0.000900 0.100000 7.500000 3000.000000
0.061700 -0.517905 -0.657459 0.547286 0.032800 0.051600 0.000900 0.100000 7.500000 3000.000000
0.061700 -0.276625 -0.852792 0.442971 0.032800 0.051600 0.000900 0.100000 7.500000 3000.000000
0.061700 -0.668780 -0.574809 -0.471516 0.032800 0.051600 0.000900 0.100000 7.500000 3000.000000
0.061700 0.301832 -0.866885 -0.396747 0.032800 0.051600 0.000900 0.100000 7.500000 3000.000000
0.061700 -0.637201 -0.744933 -0.197607 0.032800 0.051600 0.000900 0.100000 7.500000 3000.000000
0.061700 -0.397508 -0.624951 0.671881 0.032800 0.051600 0.000900 0.100000 7.500000 3000.000000
0.061700 -0.030318 -0.913254 0.406260 0.032800 0.051600 0.000900 0.100000 7.500000 3000.000000
0.061700 -0.198248 -0.980151 0.001221 0.032800 0.051600 0.000900 0.100000 7.500000 3000.000000
0.061700 -0.351432 -0.084609 -0.932382 0.032800 0.051600 0.000900 0.100000 7.500000 3000.000000
0.061700 -0.139014 -0.357297 -0.923588 0.032800 0.051600 0.000900 0.100000 7.500000 3000.000000
0.061700 -0.505582 -0.862534 0.020539 0.032800 0.051600 0.000900 0.100000 7.500000 3000.000000
0.061700 0.402526 -0.913030 -0.065947 0.032800 0.051600 0.000900 0.100000 7.500000 3000.000000
0.061700 0.557515 -0.043982 0.829001 0.032800 0.051600 0.000900 0.100000 7.500000 3000.000000
0.061700 -0.569691 -0.760672 0.311176 0.032800 0.051600 0.000900 0.100000 7.500000 3000.000000
0.061700 0.411893 -0.821818 0.393649 0.032800 0.051600 0.000900 0.100000 7.500000 3000.000000
0.061700 0.792567 -0.033888 0.608842 0.032800 0.051600 0.000900 0.100000 7.500000 3000.000000
0.061700 0.580125 -0.248983 -0.775540 0.032800 0.051600 0.000900 0.100000 7.500000 3000.000000
0.061700 -0.395533 -0.888783 -0.231555 0.032800 0.051600 0.000900 0.100000 7.500000 3000.000000
0.061700 0.846918 -0.496088 -0.191379 0.032800 0.051600 0.000900 0.100000 7.500000 3000.000000
0.061700 -0.098452 -0.649663 0.753820 0.032800 0.051600 0.000900 0.100000 7.500000 3000.000000
0.061700 0.090714 -0.160618 0.982839 0.032800 0.051600 0.000900 0.100000 7.500000 3000.000000
0.061700 -0.586282 -0.801721 0.116265 0.032800 0.051600 0.000900 0.100000 7.500000 3000.000000
0.061700 -0.750394 -0.541687 0.378794 0.032800 0.051600 0.000900 0.100000 7.500000 3000.000000
0.061700 0.145166 -0.951470 0.271353 0.032800 0.051600 0.000900 0.100000 7.500000 3000.000000
0.061700 0.542511 -0.771599 0.332139 0.032800 0.051600 0.000900 0.100000 7.500000 3000.000000
0.061700 0.412351 -0.868663 0.274577 0.032800 0.051600 0.000900 0.100000 7.500000 3000.000000
0.061700 0.390031 -0.353153 -0.850387 0.032800 0.051600 0.000900 0.100000 7.500000 3000.000000
0.061700 0.506633 -0.518057 -0.689159 0.032800 0.051600 0.000900 0.100000 7.500000 3000.000000
0.061700 0.612715 -0.739518 -0.278736 0.032800 0.051600 0.000900 0.100000 7.500000 3000.000000
0.061700 -0.334350 -0.744553 0.577799 0.032800 0.051600 0.000900 0.100000 7.500000 3000.000000
0.061700 0.999933 -0.010662 0.004482 0.032800 0.051600 0.000900 0.100000 7.500000 3000.000000
0.061700 0.061864 -0.586106 -0.807869 0.032800 0.051600 0.000900 0.100000 7.500000 3000.000000
0.061700 0.752430 -0.645754 -0.129812 0.032800 0.051600 0.000900 0.100000 7.500000 3000.000000
0.061700 -0.054577 -0.247362 -0.967385 0.032800 0.051600 0.000900 0.100000 7.500000 3000.000000
0.061700 0.218295 -0.964531 -0.148415 0.032800 0.051600 0.000900 0.100000 7.500000 3000.000000
0.061700 -0.108745 -0.509132 -0.853791 0.032800 0.051600 0.000900 0.100000 7.500000 3000.000000
0.061700 -0.255857 -0.916821 -0.306554 0.032800 0.051600 0.000900 0.100000 7.500000 3000.000000
0.061700 -0.712680 -0.648980 0.266293 0.032800 0.051600 0.000900 0.100000 7.500000 3000.000000
0.061700 0.669317 -0.586886 0.455609 0.032800 0.051600 0.000900 0.100000 7.500000 3000.000000
0.061700 0.611350 -0.464824 -0.640461 0.032800 0.051600 0.000900 0.100000 7.500000 3000.000000
0.061700 0.514154 -0.216137 0.830019 0.032800 0.051600 0.000900 0.100000 7.500000 3000.000000
0.061700 -0.774175 -0.097325 0.625444 0.032800 0.051600 0.000900 0.100000 7.500000 3000.000000
0.061700 0.557052 -0.829700 -0.035934 0.032800 0.051600 0.000900 0.100000 7.500000 3000.000000
0.061700 0.014058 -0.114639 -0.993308 0.032800 0.051600 0.000900 0.100000 7.500000 3000.000000
0.061700 -0.875084 -0.333096 -0.351106 0.032800 0.051600 0.000900 0.100000 7.500000 3000.000000
0.061700 -0.370198 -0.825581 -0.425875 0.032800 0.051600 0.000900 0.100000 7.500000 3000.000000
0.061700 0.928416 -0.303718 0.214008 0.032800 0.051600 0.000900 0.100000 7.500000 3000.000000
0.061700 -0.384465 -0.334667 -0.860340 0.032800 0.051600 0.000900 0.100000 7.500000 3000.000000
0.061700 -0.780239 -0.395782 0.484339 0.032800 0.051600 0.000900 0.100000 7.500000 3000.000000
0.061700 -0.871324 -0.030593 -0.489753 0.032800 0.051600 0.000900 0.100000 7.500000 3000.000000
0.061700 -0.084001 -0.968398 -0.234839 0.032800 0.051600 0.000900 0.100000 7.500000 3000.000000
0.061700 -0.989842 -0.031365 -0.138665 0.032800 0.051600 0.000900 0.100000 7.500000 3000.000000
0.061700 0.976995 -0.094841 -0.191013 0.032800 0.051600 0.000900 0.100000 7.500000 3000.000000
0.061700 0.015562 -0.259402 0.965644 0.032800 0.051600 0.000900 0.100000 7.500000 3000.000000
0.061700 0.518819 -0.840984 -0.153536 0.032800 0.051600 0.000900 0.100000 7.500000 3000.000000
0.061700 0.143559 -0.364218 0.920183 0.032800 0.051600 0.000900 0.100000 7.500000 3000.000000
0.061700 0.901921 -0.022361 -0.431321 0.032800 0.051600 0.000900 0.100000 7.500000 3000.000000
0.061700 -0.894726 -0.271639 0.354511 0.032800 0.051600 0.000900 0.100000 7.500000 3000.000000
0.061700 -0.255482 -0.692228 0.674944 0.032800 0.051600 0.000900 0.100000 7.500000 3000.000000
0.061700 0.783399 -0.305429 -0.541294 0.032800 0.051600 0.000900 0.100000 7.500000 3000.000000
0.061700 0.138094 -0.342541 -0.929298 0.032800 0.051600 0.000900 0.100000 7.500000 3000.000000
0.061700 0.849738 -0.413774 0.326705 0.032800 0.051600 0.000900 0.100000 7.500000 3000.000000
0.061700 -0.654572 -0.678036 -0.334369 0.032800 0.051600 0.000900 0.100000 7.500000 3000.000000
0.061700 0.785078 -0.027661 -0.618779 0.032800 0.051600 0.000900 0.100000 7.500000 3000.000000
0.061700 0.919897 -0.166612 0.355008 0.032800 0.051600 0.000900 0.100000 7.500000 3000.000000
0.061700 -0.504621 -0.848188 -0.161041 0.032800 0.051600 0.000900 0.100000 7.500000 3000.000000
0.061700 0.972335 -0.117101 0.202118 0.032800 0.051600 0.000900 0.100000 7.500000 3000.000000
0.061700 -0.248296 -0.572628 0.781310 0.032800 0.051600 0.000900 0.100000 7.500000 3000.000000
0.061700 -0.548147 -0.407677 -0.730298 0.032800 0.051600 0.000900 0.100000 7.500000 3000.000000
0.061700 0.391108 -0.883337 -0.258360 0.032800 0.051600 0.000900 0.100000 7.500000 3000.000000
0.061700 0.621903 -0.209030 0.754681 0.032800 0.051600 0.000900 0.100000 7.500000 3000.000000
0.061700 -0.321037 -0.907748 0.270054 0.032800 0.051600 0.000900 0.100000 7.500000 3000.000000
0.061700 -0.027543 -0.752574 -0.657932 0.032800 0.051600 0.000900 0.100000 7.500000 3000.000000
0.061700 0.664256 -0.747142 -0.023289 0.032800 0.051600 0.000900 0.100000 7.500000 3000.000000
0.061700 -0.150617 -0.804673 -0.574296 0.032800 0.051600 0.000900 0.100000 7.500000 3000.000000
0.061700 -0.778295 -0.265847 -0.568843 0.032800 0.051600 0.000900 0.100000 7.500000 3000.000000
0.061700 -0.801277 -0.118298 -0.586481 0.032800 0.051600 0.000900 0.100000 7.500000 3000.000000
