0.987573	1.004347	0.978501	1.001847	1.002337	
1.005579	1.002926	1.014215	1.018568	1.003228	
1.004120	0.986953	1.040859	0.965346	1.001838	
1.010265	1.034081	0.968524	1.026575	0.986378	
0.996940	0.973804	1.008101	1.012313	1.007002	
1.009769	0.982577	0.976533	0.991156	1.001892	
1.004293	0.998445	1.018267	0.987091	1.004810	
0.981462	1.016868	0.995000	0.997104	0.992514	
0.392277	0.414136	0.156354	0.289836	0.182375	
0.403422	0.419079	0.130301	0.291115	0.161625	
0.390766	0.397561	0.158493	0.171146	0.366221	
0.406605	0.404601	0.152739	0.159343	0.375226	
0.311238	0.277284	0.293056	0.214053	0.145779	
0.324393	0.275680	0.291138	0.222190	0.151911	
0.319463	0.227117	0.397348	0.148465	0.188053	
0.296310	0.239888	0.392397	0.131947	0.196940	
0.367776	0.470255	0.439246	0.217844	0.478811	
0.383719	0.444378	0.425940	0.226318	0.474555	
0.289580	0.259997	0.189159	0.286198	0.464042	
0.281560	0.282898	0.185432	0.265955	0.459115	
0.314318	0.236959	0.175742	0.204458	0.195546	
0.374743	0.325040	0.130429	0.163425	0.248551	
0.328451	0.320118	0.200237	0.235675	0.198711	
0.325735	0.296288	0.151991	0.163010	0.238863	
0.395975	0.403413	0.177526	0.210446	0.234296	
0.302395	0.243391	0.181907	0.195669	0.190700	
0.391099	0.415571	0.183427	0.209282	0.228774	
0.318757	0.275102	0.143930	0.167893	0.230851	
0.335021	0.293589	0.189278	0.240654	0.209124	
0.375531	0.350315	0.140922	0.150229	0.265129	
0.329142	0.283154	0.156246	0.139484	0.202289	
0.365660	0.408391	0.147581	0.191147	0.408470	
0.315976	0.279729	0.134973	0.163081	0.218322	
0.391380	0.348913	0.163246	0.170597	0.253344	
0.322020	0.342831	0.166876	0.194743	0.372029	
0.354758	0.422362	0.129277	0.202185	0.398914	
0.355171	0.273746	0.169115	0.109509	0.216287	
0.324145	0.306779	0.166689	0.185636	0.355559	
0.380608	0.369767	0.162980	0.134442	0.258488	
0.305461	0.266753	0.163455	0.148586	0.220828	
0.313130	0.251367	0.134608	0.150339	0.232474	
0.336684	0.321452	0.301027	0.192933	0.190434	
0.307678	0.277914	0.143960	0.198754	0.229321	
0.315568	0.264648	0.253826	0.119735	0.208017	
0.329134	0.312925	0.194432	0.226918	0.197779	
0.314735	0.271092	0.227024	0.137758	0.201350	
0.306781	0.280703	0.119564	0.193237	0.230300	
0.335706	0.299960	0.342987	0.184141	0.195401	
0.313110	0.247041	0.154493	0.157603	0.219834	
0.328767	0.329269	0.185203	0.243598	0.195466	
0.325318	0.280378	0.126582	0.149373	0.226300	
0.329116	0.276574	0.240534	0.144941	0.189319	
0.305287	0.269386	0.226198	0.159759	0.271360	
0.339521	0.282562	0.166275	0.155698	0.198006	
0.295826	0.284963	0.372283	0.163462	0.259473	
0.319625	0.279873	0.149671	0.160224	0.220837	
0.299598	0.270422	0.380981	0.177259	0.257768	
0.335804	0.259332	0.168290	0.152709	0.182643	
0.310692	0.237481	0.250503	0.199346	0.277563	
0.333694	0.267904	0.237401	0.117333	0.203871	
0.309894	0.314227	0.236213	0.185497	0.461431	
0.381063	0.405667	0.149930	0.196466	0.233514	
0.287213	0.254503	0.395773	0.160187	0.267797	
0.343627	0.391687	0.165906	0.188142	0.389121	
0.339695	0.300893	0.362871	0.178472	0.216030	
0.307644	0.275931	0.380398	0.156820	0.259561	
0.398439	0.379878	0.158128	0.218355	0.250228	
0.310566	0.295582	0.184903	0.167968	0.447209	
0.319715	0.313986	0.335624	0.164256	0.200264	
0.353534	0.400369	0.150777	0.222538	0.401649	
0.305626	0.240012	0.231472	0.185768	0.288630	
0.320876	0.303307	0.155596	0.170399	0.363130	
0.295424	0.270044	0.155654	0.228590	0.208309	
0.321354	0.267828	0.191441	0.178145	0.440657	
0.317059	0.258685	0.144647	0.165028	0.227022	
0.308210	0.281480	0.173752	0.207371	0.229868	
0.289357	0.266958	0.180375	0.185860	0.432522	
0.293374	0.268065	0.166023	0.206920	0.217667	
0.305907	0.300778	0.172066	0.189399	0.363788	
0.304850	0.268614	0.238922	0.187514	0.273514	
1.000189	1.001865	0.979065	1.031178	0.991445	
1.002359	0.978613	0.977260	0.995472	1.001893	
1.007121	1.013513	1.017923	0.962545	1.008047	
1.006484	0.983559	1.005299	0.987120	0.981355	
0.999135	0.972312	1.007056	1.004238	1.007874	
1.002659	1.018703	0.993726	0.998727	1.027632	
0.984260	1.020812	1.019413	1.012006	0.990572	
0.997793	1.010621	1.000258	1.008714	0.991183	
0.340628	0.308200	0.132778	0.260084	0.142860	
0.323551	0.310050	0.142383	0.249664	0.148839	
0.345546	0.316246	0.128077	0.136620	0.345162	
0.335712	0.323946	0.132053	0.160119	0.341772	
0.273875	0.232743	0.293290	0.195508	0.119365	
0.277156	0.238084	0.281651	0.201795	0.139658	
0.255127	0.211437	0.381694	0.127382	0.151712	
0.239535	0.191737	0.358916	0.131393	0.154059	
0.316892	0.357303	0.394097	0.183758	0.426157	
0.313045	0.371383	0.404365	0.203684	0.454916	
0.246310	0.216040	0.205379	0.257301	0.435134	
0.234409	0.232544	0.173513	0.263670	0.429943	
0.248714	0.221426	0.154476	0.182961	0.171256	
0.320483	0.263293	0.147459	0.134042	0.234064	
0.278668	0.259929	0.173492	0.211854	0.179880	
0.258702	0.221158	0.116549	0.149589	0.206773	
0.326275	0.333736	0.155289	0.174919	0.200160	
0.240837	0.206481	0.153148	0.190230	0.169794	
0.328542	0.338343	0.150697	0.178252	0.215571	
0.256088	0.232212	0.131309	0.138269	0.196487	
0.275347	0.266277	0.187670	0.201936	0.180489	
0.317887	0.266261	0.114556	0.146244	0.226440	
0.288391	0.257204	0.164509	0.128507	0.164898	
0.308134	0.358344	0.137826	0.158408	0.380445	
0.265654	0.235113	0.171387	0.134066	0.199803	
0.329108	0.264275	0.131811	0.152754	0.237681	
0.274066	0.299897	0.122015	0.170990	0.343330	
0.310176	0.350929	0.134435	0.173493	0.362911	
0.278485	0.243171	0.157630	0.132181	0.173532	
0.271226	0.267165	0.136010	0.149580	0.329248	
0.314597	0.288944	0.114225	0.134442	0.220886	
0.278547	0.199804	0.158031	0.144606	0.198071	
0.264206	0.224338	0.140918	0.133898	0.204797	
0.268511	0.265549	0.314158	0.180955	0.158284	
0.253912	0.216260	0.132196	0.175488	0.193615	
0.260325	0.231970	0.249067	0.117303	0.168799	
0.266559	0.261781	0.177521	0.202212	0.172062	
0.277001	0.222956	0.229183	0.136555	0.190333	
0.249489	0.232217	0.136228	0.169406	0.211776	
0.284214	0.239268	0.308392	0.142449	0.165010	
0.250866	0.233260	0.156687	0.143278	0.195645	
0.263159	0.274088	0.180347	0.206348	0.183764	
0.245602	0.220222	0.143114	0.134167	0.205713	
0.257967	0.215947	0.244039	0.137754	0.175019	
0.230679	0.217665	0.199662	0.165317	0.258130	
0.273003	0.225330	0.136474	0.131526	0.154132	
0.235349	0.212294	0.331895	0.161944	0.218552	
0.266267	0.219223	0.131939	0.142257	0.198538	
0.254725	0.212605	0.356884	0.143621	0.233518	
0.279237	0.222661	0.153155	0.152315	0.158030	
0.247374	0.211713	0.193956	0.155601	0.254785	
0.261192	0.211261	0.229041	0.116349	0.180283	
0.250513	0.248158	0.189298	0.164340	0.414943	
0.307763	0.310464	0.155138	0.185316	0.210278	
0.232386	0.235747	0.361465	0.142965	0.238479	
0.277647	0.326167	0.129433	0.172291	0.390297	
0.260424	0.225523	0.278013	0.168456	0.176677	
0.240183	0.213168	0.349993	0.158329	0.233491	
0.321105	0.298958	0.158633	0.196159	0.211249	
0.259154	0.235876	0.188533	0.156639	0.417414	
0.279939	0.231715	0.286324	0.187017	0.185727	
0.286612	0.319064	0.114294	0.171120	0.364403	
0.236462	0.223211	0.205192	0.188342	0.256207	
0.269116	0.263958	0.155956	0.153648	0.328016	
0.235077	0.198256	0.137664	0.191148	0.186736	
0.258930	0.237935	0.194076	0.166712	0.420703	
0.257729	0.240284	0.140093	0.176386	0.215313	
0.265206	0.227228	0.139521	0.173814	0.198295	
0.245959	0.250481	0.181936	0.160089	0.414336	
0.237904	0.207312	0.158258	0.194178	0.205836	
0.269316	0.265626	0.123981	0.172313	0.322265	
0.243152	0.194191	0.206298	0.158648	0.254594	
0.996357	1.014591	1.013188	0.992868	0.991032	
0.999629	0.981828	1.011701	0.998537	1.006528	
0.988214	1.003019	0.999534	0.993054	1.006713	
1.006294	1.032462	1.001033	1.008564	1.004426	
0.988622	0.988131	1.001192	0.993364	0.991993	
1.008172	0.985967	1.006913	0.999171	1.007882	
1.006945	0.968492	0.987150	1.014813	1.004950	
1.005768	1.025510	0.979289	0.999628	0.986475	
0.292604	0.311307	0.125478	0.262197	0.133111	
0.308214	0.294831	0.136544	0.251490	0.143095	
0.304083	0.317648	0.140995	0.161751	0.326053	
0.309866	0.313249	0.107015	0.141984	0.309759	
0.236159	0.254526	0.276407	0.206287	0.122380	
0.240398	0.217731	0.262234	0.199027	0.116886	
0.214505	0.202934	0.329110	0.110486	0.149996	
0.212808	0.194474	0.344684	0.126010	0.139168	
0.279621	0.339477	0.407110	0.185320	0.395423	
0.269353	0.354099	0.398743	0.204229	0.396421	
0.214855	0.221368	0.184689	0.262333	0.399934	
0.213480	0.205209	0.160324	0.257416	0.406122	
0.218909	0.174764	0.145505	0.202410	0.148711	
0.276109	0.261215	0.125939	0.138125	0.206733	
0.224280	0.220616	0.179152	0.207237	0.149113	
0.243980	0.209067	0.113340	0.138501	0.171103	
0.283916	0.305151	0.148004	0.149736	0.194799	
0.221606	0.184514	0.157098	0.177761	0.145463	
0.285767	0.301018	0.141385	0.162411	0.179627	
0.230789	0.196650	0.113566	0.155038	0.201005	
0.229826	0.240957	0.160566	0.216776	0.150232	
0.277230	0.233247	0.153096	0.121924	0.208929	
0.249576	0.189907	0.130713	0.137910	0.144964	
0.262313	0.311744	0.122673	0.178468	0.354938	
0.230343	0.182117	0.118035	0.144334	0.198065	
0.279148	0.275509	0.109261	0.142181	0.201785	
0.245023	0.260471	0.111705	0.159877	0.294033	
0.274832	0.307422	0.107419	0.169390	0.353295	
0.247517	0.203862	0.129819	0.112174	0.153119	
0.232374	0.253307	0.115441	0.165016	0.305470	
0.283820	0.251894	0.139458	0.153219	0.203560	
0.226734	0.204449	0.130515	0.137785	0.185521	
0.236676	0.194777	0.134401	0.130126	0.186925	
0.245390	0.229829	0.312723	0.160301	0.142750	
0.220917	0.215055	0.105627	0.158248	0.179458	
0.224521	0.196386	0.199543	0.109834	0.153206	
0.233353	0.247073	0.162810	0.214529	0.162290	
0.237275	0.190722	0.210558	0.131563	0.159754	
0.228601	0.230560	0.122023	0.154531	0.170866	
0.246871	0.232679	0.285946	0.169464	0.148334	
0.225169	0.193959	0.144704	0.115438	0.178085	
0.232884	0.214784	0.189583	0.208071	0.151056	
0.229889	0.189672	0.132303	0.141465	0.178881	
0.220517	0.193864	0.214550	0.108697	0.143513	
0.217223	0.178792	0.200724	0.163160	0.225239	
0.239622	0.175102	0.124562	0.129509	0.138438	
0.211947	0.215758	0.344509	0.122869	0.182271	
0.215675	0.175766	0.109270	0.145036	0.167097	
0.196991	0.207697	0.339579	0.152722	0.192815	
0.240313	0.190756	0.134288	0.117601	0.147132	
0.212554	0.171994	0.200345	0.180707	0.232777	
0.240452	0.193103	0.203486	0.137588	0.148448	
0.223380	0.209181	0.169714	0.151417	0.390776	
0.282100	0.275877	0.157125	0.173272	0.184776	
0.219153	0.212740	0.355274	0.133969	0.194517	
0.255651	0.302735	0.115153	0.149921	0.353064	
0.232999	0.203120	0.299541	0.153831	0.157213	
0.214788	0.197815	0.348686	0.157088	0.211053	
0.286512	0.281085	0.122589	0.174777	0.185103	
0.221639	0.202244	0.177205	0.150918	0.379055	
0.231903	0.211085	0.289812	0.150709	0.152213	
0.254682	0.299170	0.141414	0.160919	0.357202	
0.212227	0.201717	0.219551	0.167828	0.233948	
0.237363	0.245046	0.127713	0.168130	0.308991	
0.211243	0.193277	0.158591	0.186165	0.157830	
0.220424	0.230907	0.156873	0.146407	0.382583	
0.228622	0.218257	0.118506	0.165149	0.180151	
0.219094	0.205905	0.112011	0.176325	0.179977	
0.210626	0.208883	0.171763	0.152855	0.386111	
0.204594	0.171608	0.136613	0.172197	0.164353	
0.246687	0.248562	0.107997	0.157688	0.308026	
0.208151	0.191815	0.194156	0.151492	0.224436	
0.988439	1.048218	0.976694	1.051070	1.029341	
0.983136	1.003832	0.984025	1.022719	1.037952	
1.021475	1.025725	1.002576	0.951189	0.982464	
1.003527	1.006923	1.038829	1.039117	0.956830	
1.045656	0.996122	0.958501	0.986882	0.965725	
1.006824	0.922104	1.029924	1.006990	1.021595	
0.996586	1.027559	1.007795	1.040822	0.986518	
0.954359	0.969518	1.001656	0.901211	1.019575	
0.594659	0.609261	0.488697	0.585153	0.472565	
0.608279	0.592042	0.500758	0.634109	0.449862	
0.608443	0.657012	0.397124	0.567502	0.634545	
0.621221	0.632996	0.439754	0.455271	0.669198	
0.580500	0.544415	0.653231	0.564622	0.435230	
0.585227	0.560774	0.673144	0.523190	0.455207	
0.548612	0.508676	0.695701	0.498790	0.472655	
0.553013	0.549775	0.737107	0.524677	0.475328	
0.588501	0.699780	0.722816	0.555646	0.681350	
0.595996	0.653877	0.745380	0.580350	0.690572	
0.555976	0.506036	0.587714	0.652490	0.719485	
0.542050	0.562152	0.536841	0.624037	0.721994	
0.549989	0.552216	0.611397	0.630222	0.507821	
0.605938	0.602966	0.525460	0.538799	0.564343	
0.621121	0.588687	0.609484	0.543493	0.497999	
0.556421	0.513634	0.490016	0.501610	0.533605	
0.625928	0.665145	0.528409	0.523044	0.534450	
0.568673	0.569467	0.525009	0.571540	0.495119	
0.625347	0.647453	0.584671	0.509594	0.569235	
0.583713	0.504279	0.524143	0.459204	0.540845	
0.598698	0.595111	0.584249	0.552277	0.533570	
0.614675	0.669580	0.520259	0.480636	0.585910	
0.597465	0.552819	0.512459	0.472412	0.482541	
0.587307	0.615306	0.508953	0.513661	0.641723	
0.527751	0.549577	0.509004	0.528860	0.537252	
0.620878	0.595585	0.458169	0.518321	0.553090	
0.599151	0.569150	0.482621	0.592879	0.641024	
0.582475	0.631703	0.477832	0.550167	0.648112	
0.609239	0.554342	0.517744	0.467566	0.495718	
0.574547	0.585030	0.511883	0.521163	0.647756	
0.592173	0.605013	0.471463	0.536212	0.515137	
0.602799	0.576392	0.525546	0.460698	0.509384	
0.586580	0.548749	0.530575	0.513771	0.521828	
0.584785	0.609863	0.705276	0.535986	0.484915	
0.580260	0.572859	0.522024	0.534952	0.515364	
0.557828	0.572684	0.636441	0.466033	0.494943	
0.591740	0.573203	0.592880	0.580878	0.483842	
0.569596	0.582104	0.655043	0.510304	0.515889	
0.557688	0.594873	0.476812	0.582464	0.530230	
0.580538	0.620910	0.746871	0.459443	0.517857	
0.585449	0.580960	0.552639	0.530117	0.510937	
0.539272	0.567336	0.591984	0.548201	0.540338	
0.554614	0.572993	0.444717	0.545368	0.560226	
0.590885	0.554561	0.655200	0.453110	0.492772	
0.541675	0.496749	0.631632	0.467399	0.604085	
0.586143	0.596602	0.522266	0.526730	0.508395	
0.563756	0.561624	0.753311	0.504432	0.594508	
0.583670	0.531030	0.483845	0.513011	0.525676	
0.544735	0.559375	0.781336	0.563830	0.550264	
0.574069	0.570246	0.556533	0.479546	0.462611	
0.539910	0.491023	0.633599	0.529424	0.574424	
0.560993	0.582298	0.678390	0.483710	0.462557	
0.556593	0.599061	0.572188	0.547257	0.700838	
0.575933	0.584091	0.567392	0.502593	0.549434	
0.536873	0.585339	0.690133	0.481094	0.585917	
0.578464	0.550279	0.453870	0.522512	0.669381	
0.584835	0.580529	0.720879	0.548088	0.505439	
0.535489	0.529809	0.763754	0.556421	0.541004	
0.582420	0.618716	0.620475	0.520097	0.534369	
0.547473	0.574757	0.581287	0.465340	0.688013	
0.599566	0.576191	0.709106	0.557156	0.488368	
0.590646	0.626144	0.465206	0.509727	0.674644	
0.550251	0.574276	0.608394	0.466659	0.601256	
0.595928	0.583808	0.472070	0.532346	0.645984	
0.520868	0.553775	0.557282	0.576804	0.505061	
0.536580	0.626000	0.563633	0.545202	0.675092	
0.561483	0.559676	0.508697	0.568860	0.504806	
0.568192	0.567168	0.510333	0.558623	0.538001	
0.573057	0.602727	0.528096	0.509808	0.654102	
0.557742	0.521519	0.529416	0.558159	0.526525	
0.537413	0.580495	0.549525	0.540800	0.642246	
0.545641	0.514541	0.651119	0.510392	0.589271	
1.028184	0.992157	0.951550	1.032276	1.040912	
0.980891	1.026313	1.059145	1.017629	0.987899	
0.999124	1.009739	1.012834	0.963690	0.999676	
0.999939	0.973139	1.028438	1.008566	1.006280	
0.972303	0.968660	0.958054	1.006070	0.978513	
1.013129	0.963649	1.049430	1.002509	1.008965	
1.009698	1.058023	0.952499	0.992557	0.962701	
0.996732	1.008319	0.988051	0.976703	1.015052	
0.498555	0.474182	0.319049	0.383801	0.307507	
0.452011	0.518534	0.305669	0.436866	0.322118	
0.490788	0.503887	0.288217	0.354399	0.506449	
0.486326	0.437816	0.306303	0.361786	0.511142	
0.429123	0.394646	0.459585	0.400324	0.252220	
0.407573	0.420629	0.448321	0.391558	0.256109	
0.383401	0.281718	0.564619	0.291540	0.345708	
0.424693	0.337513	0.544593	0.294836	0.330296	
0.478939	0.512938	0.659347	0.384529	0.535902	
0.466722	0.500213	0.628959	0.397576	0.551885	
0.406315	0.396658	0.396144	0.470088	0.595972	
0.395688	0.402517	0.387182	0.439158	0.553767	
0.388438	0.386600	0.399807	0.375154	0.350030	
0.481509	0.421479	0.330529	0.347517	0.417177	
0.415002	0.439907	0.362102	0.385801	0.350741	
0.442725	0.407173	0.292236	0.323228	0.377659	
0.497003	0.461223	0.387425	0.363522	0.399198	
0.372721	0.411356	0.365947	0.375365	0.329456	
0.478202	0.466136	0.317921	0.395189	0.362363	
0.417581	0.401279	0.325733	0.299721	0.381852	
0.430245	0.420761	0.381327	0.440558	0.325474	
0.483186	0.447738	0.330250	0.345116	0.430795	
0.441393	0.419858	0.289019	0.273568	0.312092	
0.444400	0.544204	0.343145	0.373349	0.542784	
0.418557	0.398242	0.345213	0.338426	0.319324	
0.475474	0.478679	0.311584	0.350274	0.442164	
0.425215	0.434672	0.309317	0.373177	0.494336	
0.433527	0.461805	0.294689	0.381949	0.514693	
0.446803	0.413596	0.303397	0.323094	0.317383	
0.419125	0.461703	0.341216	0.367991	0.541379	
0.448333	0.472366	0.350763	0.319710	0.423142	
0.420512	0.379436	0.327613	0.301103	0.346224	
0.411174	0.347138	0.326616	0.303136	0.418424	
0.439428	0.404442	0.499613	0.356170	0.361604	
0.426600	0.426764	0.265855	0.380076	0.365917	
0.414568	0.366547	0.481266	0.297015	0.318081	
0.406095	0.458847	0.438259	0.402272	0.355429	
0.436020	0.393515	0.479835	0.308657	0.334405	
0.423053	0.421878	0.351347	0.419730	0.361536	
0.455053	0.399630	0.501206	0.391220	0.311884	
0.429055	0.384787	0.314638	0.315579	0.372935	
0.431868	0.396208	0.402297	0.422339	0.340298	
0.417640	0.369997	0.317623	0.348100	0.372475	
0.419073	0.380959	0.455352	0.307861	0.325104	
0.392645	0.364600	0.469482	0.375352	0.434100	
0.411842	0.353932	0.301005	0.317022	0.355987	
0.396181	0.356929	0.578477	0.331876	0.404607	
0.403956	0.385293	0.339864	0.335760	0.360803	
0.386316	0.350733	0.535292	0.373676	0.420212	
0.426823	0.389027	0.373829	0.291570	0.289356	
0.400710	0.382872	0.470916	0.404986	0.422894	
0.441388	0.351983	0.433486	0.316534	0.343073	
0.412901	0.350786	0.405730	0.397105	0.559498	
0.440996	0.479474	0.353735	0.363928	0.387630	
0.412061	0.369774	0.570378	0.330243	0.414019	
0.432562	0.447498	0.310143	0.380967	0.528961	
0.425493	0.426020	0.523942	0.337824	0.340501	
0.400496	0.366092	0.594506	0.324050	0.426481	
0.428996	0.434872	0.348907	0.354304	0.389269	
0.394294	0.415007	0.389464	0.364725	0.549901	
0.427013	0.417660	0.531475	0.352993	0.310280	
0.421163	0.513026	0.319123	0.369008	0.561373	
0.364758	0.348338	0.461010	0.367849	0.457579	
0.442276	0.439943	0.351477	0.399475	0.530275	
0.416329	0.366915	0.338052	0.424300	0.316211	
0.412131	0.367130	0.421100	0.328898	0.574895	
0.411651	0.410489	0.287447	0.402911	0.384306	
0.398897	0.405731	0.302838	0.386238	0.389100	
0.418014	0.415277	0.396227	0.399971	0.574450	
0.382746	0.369443	0.399425	0.380190	0.359424	
0.422478	0.436258	0.335594	0.388858	0.519430	
0.393229	0.410836	0.406198	0.377705	0.446412	
0.991657	0.987623	0.980032	1.001644	0.997705	
0.973481	0.962933	1.025786	1.036303	1.020251	
0.996269	0.994217	0.974438	0.978072	1.006541	
0.996846	1.048968	1.033789	1.022049	0.961230	
1.009173	1.014253	0.980598	0.978951	0.999768	
1.014203	0.977522	1.006090	1.000976	1.012306	
1.004608	1.011893	0.982421	1.006720	1.018419	
1.013763	1.002592	1.016845	0.975286	0.983780	
0.383559	0.369354	0.238514	0.354841	0.213295	
0.394395	0.391965	0.266240	0.306233	0.216793	
0.406906	0.369578	0.209132	0.268341	0.437358	
0.402354	0.387261	0.203005	0.237877	0.439678	
0.329103	0.320509	0.379689	0.347440	0.187310	
0.326936	0.287141	0.386837	0.322446	0.170220	
0.295594	0.230716	0.464570	0.197733	0.219931	
0.292578	0.275127	0.485421	0.231555	0.222062	
0.347456	0.424664	0.488223	0.295872	0.505272	
0.355733	0.460435	0.508794	0.321021	0.480449	
0.301633	0.316302	0.279120	0.374446	0.539004	
0.292145	0.319857	0.261046	0.351089	0.515470	
0.302784	0.291260	0.297975	0.298972	0.246585	
0.378411	0.331608	0.194519	0.224390	0.319341	
0.316643	0.342430	0.297767	0.296835	0.250124	
0.329267	0.265378	0.214074	0.252051	0.287840	
0.384146	0.381946	0.283380	0.301814	0.259683	
0.316478	0.250807	0.279114	0.289732	0.230495	
0.379287	0.400068	0.277691	0.299849	0.284460	
0.318452	0.297502	0.247245	0.270423	0.283466	
0.326855	0.304723	0.319899	0.286517	0.240624	
0.363818	0.336937	0.192902	0.280134	0.284413	
0.340337	0.285631	0.278171	0.254867	0.248109	
0.366841	0.405391	0.245589	0.266464	0.459030	
0.325936	0.288113	0.211767	0.243660	0.270906	
0.362667	0.355782	0.268750	0.242541	0.319185	
0.334747	0.332182	0.208195	0.258643	0.416045	
0.361816	0.426272	0.206881	0.248198	0.445819	
0.352101	0.278894	0.195035	0.206049	0.235904	
0.345825	0.316323	0.210804	0.268287	0.411216	
0.368492	0.333181	0.242573	0.264898	0.304515	
0.316102	0.273235	0.212983	0.254813	0.275089	
0.329105	0.284087	0.257355	0.240631	0.290194	
0.344229	0.358206	0.378236	0.226550	0.242651	
0.319722	0.311166	0.219057	0.301289	0.292199	
0.306009	0.257876	0.347927	0.204901	0.224627	
0.324640	0.328871	0.262187	0.299085	0.225384	
0.320605	0.285544	0.311616	0.225494	0.239631	
0.316486	0.307266	0.213276	0.297745	0.276323	
0.323285	0.318163	0.407626	0.246710	0.225257	
0.340689	0.275283	0.185969	0.229532	0.295199	
0.332523	0.362991	0.282977	0.335010	0.252676	
0.319326	0.260439	0.225401	0.264974	0.278990	
0.324889	0.265912	0.353335	0.219704	0.243463	
0.293658	0.275020	0.307558	0.263487	0.324672	
0.335774	0.319719	0.208192	0.236301	0.221857	
0.298734	0.308094	0.428701	0.267318	0.299955	
0.297980	0.269796	0.228870	0.223308	0.282592	
0.297767	0.263139	0.436249	0.272952	0.290642	
0.321764	0.268393	0.231271	0.200787	0.219913	
0.282386	0.284519	0.331812	0.295271	0.339640	
0.317544	0.286246	0.356785	0.186982	0.245904	
0.318772	0.313701	0.298022	0.216914	0.471426	
0.364651	0.362569	0.243454	0.286750	0.280035	
0.301282	0.284644	0.445742	0.227169	0.338380	
0.339205	0.427235	0.231014	0.270271	0.436217	
0.314210	0.318769	0.422127	0.280521	0.226547	
0.275526	0.277120	0.480064	0.204306	0.315906	
0.372293	0.378443	0.264226	0.291871	0.277666	
0.313370	0.300809	0.269015	0.263185	0.483300	
0.337618	0.286717	0.397818	0.241394	0.249859	
0.359461	0.381084	0.209623	0.261114	0.448750	
0.320026	0.323494	0.329943	0.292310	0.345473	
0.321897	0.342550	0.233911	0.263559	0.409893	
0.303831	0.263228	0.233381	0.334823	0.269825	
0.324766	0.342287	0.277321	0.199486	0.491447	
0.323853	0.310455	0.209348	0.273101	0.283985	
0.319317	0.345998	0.224819	0.288413	0.299872	
0.315280	0.322255	0.277000	0.272676	0.499092	
0.304483	0.237895	0.255845	0.278111	0.240318	
0.331646	0.334056	0.254286	0.275460	0.411746	
0.307282	0.241475	0.324929	0.266671	0.343611	
0.999610	1.002598	0.991144	1.045802	0.988179	
1.009652	1.010841	0.987969	1.005700	0.999663	
1.006037	1.015375	1.014010	0.980407	0.980635	
1.010028	1.001186	0.977606	0.956763	1.021340	
0.971733	0.987800	1.000878	0.998702	1.000307	
1.000819	1.001896	0.994468	1.015307	1.020422	
1.005013	0.997468	1.000988	1.037235	0.968451	
0.997110	0.982836	1.032937	0.960084	1.021004	
0.313298	0.309373	0.145337	0.265577	0.171041	
0.323515	0.313030	0.158189	0.320907	0.149376	
0.335408	0.383558	0.121789	0.229664	0.346427	
0.344125	0.366813	0.142006	0.192816	0.356251	
0.248601	0.276865	0.261891	0.245963	0.120414	
0.263966	0.237197	0.287255	0.239853	0.145460	
0.246481	0.213066	0.398144	0.185271	0.159414	
0.246099	0.224468	0.365717	0.178076	0.174325	
0.318861	0.377248	0.441993	0.215455	0.458872	
0.299909	0.379857	0.442687	0.234203	0.455940	
0.235448	0.254729	0.173422	0.315131	0.439131	
0.252526	0.227658	0.186166	0.285569	0.442091	
0.254079	0.218628	0.187587	0.251651	0.183601	
0.303278	0.287386	0.176481	0.196916	0.225957	
0.245441	0.250484	0.236365	0.227854	0.192462	
0.266630	0.240163	0.141071	0.197521	0.214603	
0.309792	0.332710	0.186922	0.185167	0.209713	
0.235293	0.229024	0.228894	0.252529	0.176251	
0.309275	0.298629	0.186533	0.220112	0.217432	
0.252841	0.221070	0.169252	0.202572	0.216173	
0.253266	0.264709	0.213099	0.315833	0.169382	
0.293399	0.307868	0.136673	0.199701	0.251582	
0.275593	0.196726	0.168206	0.154412	0.191059	
0.313925	0.347990	0.135944	0.240611	0.384625	
0.257273	0.237154	0.147714	0.168034	0.213014	
0.309323	0.286477	0.156403	0.176126	0.232291	
0.271714	0.294098	0.133183	0.215971	0.355167	
0.301019	0.345577	0.152696	0.221000	0.384228	
0.273450	0.245072	0.147249	0.144701	0.165138	
0.266157	0.307957	0.174042	0.212308	0.334134	
0.312370	0.283700	0.126595	0.185988	0.239200	
0.272409	0.257892	0.156341	0.184268	0.213229	
0.266607	0.223968	0.158065	0.143998	0.237162	
0.275962	0.242317	0.318476	0.197895	0.185723	
0.254857	0.270225	0.137779	0.199223	0.202660	
0.264090	0.238978	0.260947	0.132126	0.189432	
0.264596	0.248960	0.206680	0.244751	0.178088	
0.249280	0.224122	0.281837	0.139237	0.187316	
0.258513	0.263507	0.141252	0.217862	0.214193	
0.280558	0.234188	0.355504	0.222232	0.160942	
0.262789	0.246628	0.134111	0.162377	0.200539	
0.254078	0.250775	0.224452	0.194590	0.186724	
0.257827	0.209770	0.170333	0.170905	0.196776	
0.265411	0.247135	0.259227	0.138780	0.187695	
0.237828	0.241479	0.261955	0.199668	0.249510	
0.266423	0.211167	0.162184	0.156048	0.158912	
0.232699	0.233256	0.388884	0.185760	0.246047	
0.249013	0.250133	0.146083	0.179987	0.205572	
0.241124	0.220962	0.369983	0.205915	0.226664	
0.268193	0.239476	0.180016	0.140088	0.175283	
0.238994	0.235471	0.227977	0.205725	0.254935	
0.247083	0.246201	0.259030	0.191291	0.188845	
0.238525	0.278973	0.201842	0.170331	0.434647	
0.280452	0.301878	0.172309	0.238536	0.233075	
0.226622	0.214907	0.387044	0.169741	0.240652	
0.289040	0.324597	0.137636	0.202729	0.373814	
0.277860	0.223931	0.326121	0.227481	0.191447	
0.230329	0.224036	0.377380	0.204427	0.225349	
0.290952	0.299469	0.183569	0.218440	0.230393	
0.236645	0.261652	0.244019	0.215350	0.419012	
0.261708	0.263694	0.358444	0.224587	0.188714	
0.266629	0.360971	0.176515	0.220173	0.376874	
0.232228	0.248470	0.247240	0.191945	0.278962	
0.275521	0.276630	0.138946	0.205488	0.340006	
0.238845	0.206967	0.217156	0.262668	0.182954	
0.270556	0.262311	0.227660	0.250841	0.418217	
0.246234	0.253385	0.135041	0.256116	0.215383	
0.239068	0.252348	0.172326	0.235027	0.213864	
0.246388	0.291176	0.209234	0.218502	0.433618	
0.238159	0.217181	0.188299	0.255076	0.187725	
0.273539	0.287485	0.143030	0.211820	0.350669	
0.245339	0.196232	0.255551	0.183993	0.265089	
0.999091	1.003128	1.028220	1.023551	1.016954	
0.998668	0.993378	0.988732	0.995662	1.005405	
1.006648	0.975872	1.033696	1.009177	0.996918	
1.002836	0.991985	1.014795	0.996852	1.001018	
1.006358	0.986727	0.968665	1.009869	0.998274	
1.008674	1.027188	0.997738	1.006973	1.016406	
0.994454	1.003425	0.947399	0.986057	0.970406	
0.983270	1.018297	1.020754	0.971860	0.994618	
0.281780	0.278412	0.116487	0.239178	0.134368	
0.265759	0.268945	0.117752	0.230092	0.113554	
0.288547	0.274507	0.099737	0.149920	0.317884	
0.275718	0.295415	0.111172	0.147830	0.309329	
0.211629	0.202981	0.232188	0.207178	0.099608	
0.221494	0.197157	0.272872	0.195055	0.092255	
0.190220	0.180333	0.337421	0.123352	0.139791	
0.198080	0.161176	0.332806	0.109123	0.129810	
0.246417	0.301274	0.385948	0.196164	0.390953	
0.240872	0.319850	0.389038	0.169309	0.400287	
0.202028	0.201797	0.173130	0.254895	0.392211	
0.191949	0.210931	0.150265	0.250572	0.395258	
0.185553	0.177047	0.127100	0.182331	0.142944	
0.242560	0.210614	0.114981	0.144834	0.202372	
0.198239	0.209429	0.178851	0.197950	0.135946	
0.199013	0.181553	0.089106	0.155195	0.165910	
0.251270	0.289489	0.139030	0.153948	0.163976	
0.189643	0.179316	0.146914	0.184980	0.145158	
0.245982	0.261938	0.137591	0.177761	0.172900	
0.189828	0.177422	0.110144	0.149634	0.175030	
0.207716	0.207039	0.165090	0.196410	0.144913	
0.245225	0.221539	0.131605	0.154748	0.185299	
0.222797	0.187187	0.142037	0.108176	0.147484	
0.236339	0.285917	0.090654	0.167981	0.327170	
0.224231	0.184647	0.135217	0.116863	0.182258	
0.238479	0.249566	0.100500	0.130478	0.182037	
0.214186	0.209978	0.116684	0.150173	0.302504	
0.239793	0.274073	0.104959	0.150318	0.337482	
0.224058	0.180768	0.123767	0.115708	0.159115	
0.206933	0.206969	0.113957	0.142196	0.296330	
0.243269	0.228444	0.107929	0.140134	0.185049	
0.209469	0.174764	0.147545	0.138378	0.161008	
0.208936	0.176189	0.123727	0.104733	0.175853	
0.216250	0.200536	0.293821	0.130432	0.125374	
0.204483	0.194647	0.113408	0.156018	0.168102	
0.220863	0.188617	0.168490	0.109431	0.151004	
0.202321	0.210079	0.164659	0.189737	0.148175	
0.218148	0.185657	0.219416	0.101102	0.138597	
0.197085	0.199937	0.119597	0.178422	0.167571	
0.220092	0.218015	0.266699	0.167308	0.117468	
0.213355	0.166696	0.106375	0.136402	0.175077	
0.208517	0.203602	0.156941	0.199070	0.135209	
0.197747	0.166017	0.113644	0.133967	0.157380	
0.211191	0.183258	0.203331	0.106856	0.134998	
0.179268	0.191002	0.188206	0.147294	0.207252	
0.216485	0.180545	0.113539	0.122691	0.144046	
0.188466	0.190698	0.312300	0.136513	0.201169	
0.178430	0.176609	0.127795	0.135661	0.159925	
0.183846	0.183308	0.315850	0.137094	0.195391	
0.207670	0.162459	0.112289	0.118017	0.126500	
0.196022	0.189771	0.177257	0.149486	0.206511	
0.213273	0.185568	0.203280	0.117581	0.143060	
0.194167	0.179687	0.176124	0.138022	0.371803	
0.236645	0.249807	0.127681	0.165944	0.172511	
0.199368	0.169211	0.337990	0.150782	0.190009	
0.239114	0.236811	0.108806	0.138972	0.324471	
0.204489	0.174786	0.283209	0.153897	0.140039	
0.190661	0.187323	0.341622	0.129986	0.200503	
0.239480	0.252749	0.134906	0.157083	0.171311	
0.207595	0.199624	0.163900	0.132424	0.382501	
0.201150	0.183325	0.278580	0.178111	0.133845	
0.226552	0.273417	0.099740	0.163781	0.327198	
0.187545	0.179847	0.181700	0.148840	0.220375	
0.207181	0.213006	0.117810	0.159012	0.294372	
0.182856	0.172069	0.147254	0.190445	0.152129	
0.186323	0.206139	0.145269	0.152004	0.378708	
0.196919	0.159114	0.103365	0.181479	0.178696	
0.198093	0.183697	0.096451	0.167158	0.155193	
0.194288	0.192145	0.162457	0.167474	0.393295	
0.172567	0.173189	0.138433	0.173458	0.152629	
0.214968	0.221999	0.114788	0.138550	0.279001	
0.190039	0.184478	0.198485	0.165316	0.222106	
0.976045	0.976510	1.012824	1.029594	1.010218	
0.981301	0.988556	0.968346	1.003377	1.040465	
0.985832	0.984091	1.004976	1.035089	0.966263	
1.019007	1.013161	1.066129	1.031578	1.006695	
0.996403	1.049747	0.939572	0.980740	0.984507	
1.003694	1.002759	0.968762	0.973725	0.992712	
1.038131	0.989035	0.989244	0.946668	1.023886	
0.999587	0.996141	1.050146	0.999229	0.975254	
0.600989	0.682767	0.538784	0.570865	0.484629	
0.600212	0.630104	0.482100	0.519495	0.470095	
0.655090	0.697110	0.395648	0.468857	0.591507	
0.637516	0.676444	0.458127	0.493266	0.632865	
0.551171	0.651966	0.603777	0.520949	0.434431	
0.535404	0.585422	0.674801	0.537536	0.417205	
0.556698	0.464132	0.676049	0.481907	0.503462	
0.539736	0.480193	0.684051	0.476602	0.481590	
0.592240	0.680478	0.669303	0.465868	0.693267	
0.597831	0.701281	0.714678	0.507875	0.681511	
0.544013	0.547760	0.556635	0.620784	0.684807	
0.511930	0.588168	0.591146	0.621311	0.678582	
0.512585	0.564184	0.568992	0.567871	0.519889	
0.583883	0.599382	0.492677	0.504730	0.496096	
0.561761	0.670851	0.589501	0.540795	0.496801	
0.569475	0.501997	0.537828	0.541657	0.512261	
0.600783	0.671796	0.591377	0.526926	0.501517	
0.550945	0.513918	0.525165	0.556180	0.470244	
0.596173	0.656112	0.561261	0.561711	0.546577	
0.578319	0.586692	0.488238	0.489526	0.529986	
0.556629	0.595219	0.535616	0.529038	0.475567	
0.600015	0.636775	0.493256	0.549035	0.546232	
0.564388	0.589468	0.500860	0.446915	0.480157	
0.564114	0.668880	0.493054	0.525695	0.610213	
0.575231	0.592853	0.534183	0.465893	0.530452	
0.609503	0.614097	0.500839	0.460293	0.546517	
0.579981	0.607581	0.501256	0.499416	0.619224	
0.599085	0.662797	0.514383	0.505237	0.654083	
0.540926	0.544360	0.521201	0.458588	0.504434	
0.538310	0.615346	0.498843	0.517281	0.630739	
0.593069	0.651440	0.495138	0.556721	0.553658	
0.555851	0.552307	0.517924	0.501028	0.546771	
0.553398	0.625127	0.467544	0.473553	0.514758	
0.524646	0.630433	0.698250	0.461599	0.506553	
0.537905	0.517833	0.484714	0.532312	0.521508	
0.574444	0.568032	0.634152	0.414408	0.517060	
0.555356	0.624603	0.621693	0.583812	0.502325	
0.564023	0.526782	0.552145	0.452461	0.499633	
0.549579	0.611355	0.520946	0.531128	0.536567	
0.584168	0.606711	0.679949	0.514227	0.524376	
0.537688	0.561383	0.505928	0.519209	0.505937	
0.555720	0.606036	0.593276	0.512241	0.469204	
0.517411	0.538231	0.478376	0.444838	0.528019	
0.555452	0.562660	0.596345	0.433111	0.491914	
0.535373	0.514283	0.649342	0.506990	0.557452	
0.556621	0.580199	0.559815	0.494350	0.475959	
0.545771	0.547343	0.691451	0.477717	0.569106	
0.566781	0.530594	0.536444	0.480377	0.503070	
0.498717	0.564818	0.666882	0.465578	0.556829	
0.572304	0.443023	0.497546	0.478718	0.468205	
0.539137	0.535657	0.546138	0.514524	0.539506	
0.542297	0.566259	0.596858	0.452309	0.489231	
0.576477	0.532237	0.531000	0.503458	0.668616	
0.567867	0.625855	0.612313	0.512567	0.537624	
0.512361	0.500918	0.740708	0.495178	0.547558	
0.568727	0.670695	0.529976	0.565784	0.609203	
0.569636	0.570657	0.693988	0.511789	0.496382	
0.547429	0.561935	0.712450	0.481814	0.568540	
0.559943	0.735343	0.562818	0.563557	0.576590	
0.540263	0.614613	0.614277	0.489391	0.669726	
0.548044	0.607007	0.668444	0.528852	0.502845	
0.572890	0.674497	0.443701	0.533587	0.658835	
0.525942	0.544112	0.604114	0.554055	0.554770	
0.552665	0.567306	0.499081	0.528874	0.624843	
0.526324	0.546533	0.579461	0.551679	0.504167	
0.535540	0.564132	0.536787	0.461490	0.678291	
0.579533	0.611203	0.475706	0.572183	0.492972	
0.586168	0.596439	0.495328	0.508297	0.523028	
0.546241	0.607347	0.545993	0.468989	0.652816	
0.539228	0.527171	0.566088	0.567906	0.501194	
0.553884	0.593991	0.512708	0.538583	0.591038	
0.522452	0.539390	0.594371	0.527244	0.576642	
0.997870	1.026692	0.925378	1.038706	0.980603	
0.971604	1.005425	1.004063	0.974256	1.014262	
0.999215	1.018459	0.990527	0.967508	0.963228	
0.990223	0.975253	1.019594	1.074828	0.969124	
0.991049	0.967429	1.018433	0.987810	1.012969	
1.017557	0.970404	1.014307	1.005583	1.036422	
1.049575	1.022053	1.080693	0.986548	1.022358	
0.982905	1.014285	0.947004	0.964760	1.001034	
0.449688	0.479253	0.324465	0.464186	0.318453	
0.456969	0.462824	0.307627	0.482575	0.291771	
0.469057	0.532271	0.229048	0.392422	0.490626	
0.459105	0.528056	0.285464	0.397505	0.493862	
0.396270	0.394029	0.460648	0.450444	0.224369	
0.380902	0.400036	0.410610	0.433357	0.237826	
0.379629	0.299187	0.527050	0.323069	0.322507	
0.376468	0.324758	0.526615	0.332241	0.335903	
0.438026	0.503778	0.541070	0.446699	0.553901	
0.388547	0.492907	0.518157	0.452620	0.553662	
0.340210	0.386731	0.416887	0.510753	0.556505	
0.377400	0.387155	0.333619	0.500307	0.563666	
0.365209	0.401461	0.347170	0.380367	0.313900	
0.469603	0.463145	0.300715	0.396232	0.385665	
0.382300	0.361755	0.404740	0.477347	0.345196	
0.414871	0.376464	0.330724	0.337026	0.377391	
0.409046	0.481617	0.359614	0.433440	0.381270	
0.381022	0.364369	0.371973	0.464717	0.323765	
0.453968	0.473996	0.353817	0.461407	0.381006	
0.426094	0.353739	0.370214	0.438808	0.381239	
0.375148	0.404596	0.375334	0.457549	0.335054	
0.458438	0.456558	0.283879	0.383387	0.404476	
0.419846	0.423896	0.339737	0.317803	0.324180	
0.435993	0.485397	0.271310	0.409070	0.535852	
0.410821	0.352586	0.293990	0.415564	0.372397	
0.446458	0.436942	0.336390	0.359953	0.407339	
0.400336	0.469103	0.329695	0.405658	0.484035	
0.448441	0.456468	0.285284	0.379813	0.519986	
0.428661	0.348852	0.341635	0.289430	0.331491	
0.404643	0.393857	0.310533	0.405527	0.526883	
0.482226	0.434449	0.286643	0.393468	0.394934	
0.408445	0.354597	0.325272	0.351292	0.349402	
0.399769	0.408188	0.278949	0.299665	0.356081	
0.387196	0.363002	0.489024	0.412086	0.296565	
0.403683	0.410456	0.278047	0.402064	0.347285	
0.419123	0.349570	0.445637	0.306168	0.333757	
0.415121	0.451268	0.383003	0.437135	0.333693	
0.449449	0.341998	0.466911	0.341198	0.318298	
0.391459	0.406433	0.274909	0.393030	0.363733	
0.363942	0.340406	0.497211	0.398615	0.304355	
0.370504	0.325554	0.316298	0.373611	0.353961	
0.383952	0.392391	0.363711	0.465308	0.306333	
0.374101	0.370144	0.304374	0.394510	0.361226	
0.402274	0.395563	0.462649	0.324238	0.318384	
0.355602	0.365894	0.390678	0.443039	0.396198	
0.351789	0.351294	0.336822	0.326220	0.299286	
0.372380	0.376367	0.556532	0.411170	0.409871	
0.392043	0.365882	0.327910	0.358390	0.356852	
0.388697	0.380376	0.476422	0.401871	0.412893	
0.403716	0.370209	0.363608	0.339950	0.302725	
0.362306	0.427664	0.465313	0.476805	0.428949	
0.412942	0.336577	0.457379	0.355123	0.306662	
0.393056	0.436704	0.379931	0.424639	0.557805	
0.409773	0.444416	0.330809	0.479849	0.350387	
0.384729	0.362554	0.520310	0.330424	0.397640	
0.407534	0.467005	0.356511	0.428801	0.506154	
0.369255	0.400869	0.424182	0.382949	0.306055	
0.389594	0.362475	0.578635	0.432822	0.420100	
0.416912	0.411932	0.329698	0.377324	0.371686	
0.383128	0.407770	0.367292	0.367898	0.547898	
0.382392	0.391839	0.510184	0.404100	0.303731	
0.422002	0.444440	0.277134	0.419415	0.518191	
0.377028	0.360442	0.422775	0.429432	0.417765	
0.397182	0.412607	0.309114	0.425057	0.498462	
0.354284	0.370571	0.377594	0.467075	0.319503	
0.391432	0.396956	0.379195	0.427237	0.573305	
0.358176	0.352462	0.283578	0.459348	0.367125	
0.401563	0.366338	0.247110	0.425174	0.352174	
0.375190	0.397411	0.351499	0.409539	0.580333	
0.349639	0.331501	0.335457	0.462038	0.322351	
0.400678	0.434980	0.363824	0.429292	0.482990	
0.349382	0.340314	0.432292	0.423834	0.421903	
0.967060	0.997186	0.961171	1.007983	0.997754	
1.005269	1.010480	1.016135	1.030458	1.027082	
0.978923	0.984705	1.004832	1.019794	0.990669	
1.002640	0.979214	1.002678	0.952324	0.980087	
1.004436	0.977321	0.990089	1.034792	0.996221	
0.996666	0.994627	0.980197	0.965923	1.020343	
1.013763	1.022028	1.026398	1.020795	1.000004	
1.031245	1.034437	1.018499	0.967932	0.987838	
0.388556	0.387391	0.262958	0.348017	0.193503	
0.352108	0.376868	0.272519	0.342858	0.221674	
0.368634	0.368872	0.199966	0.253063	0.378921	
0.394185	0.382103	0.198490	0.252400	0.405664	
0.287662	0.277519	0.368114	0.289311	0.170547	
0.305370	0.287860	0.386632	0.276271	0.156502	
0.292033	0.264838	0.426715	0.200228	0.216125	
0.255954	0.240862	0.450628	0.203164	0.213500	
0.347260	0.423199	0.473226	0.302376	0.475450	
0.336540	0.468673	0.461368	0.261864	0.456481	
0.289130	0.289794	0.248810	0.385236	0.469776	
0.283500	0.295422	0.257102	0.377975	0.464527	
0.269371	0.263648	0.272447	0.282987	0.232946	
0.347829	0.325804	0.241556	0.225632	0.279966	
0.285038	0.305125	0.272055	0.317135	0.228452	
0.312897	0.250819	0.227485	0.231114	0.275078	
0.345821	0.371556	0.258143	0.265533	0.273007	
0.259326	0.237614	0.268700	0.275352	0.223168	
0.336749	0.397023	0.258683	0.285944	0.265482	
0.263768	0.281661	0.229407	0.282380	0.257555	
0.286045	0.302051	0.287893	0.297771	0.210705	
0.340958	0.302595	0.215338	0.243884	0.287589	
0.327422	0.268643	0.244261	0.232886	0.213979	
0.338349	0.391677	0.194527	0.241057	0.436082	
0.304718	0.282928	0.213949	0.197885	0.256660	
0.352751	0.364974	0.218536	0.251124	0.284490	
0.305825	0.312125	0.221320	0.265188	0.413737	
0.340293	0.390281	0.224081	0.286693	0.400825	
0.316344	0.275065	0.240034	0.231260	0.228642	
0.334896	0.326008	0.207780	0.258745	0.407995	
0.345826	0.338205	0.192377	0.272138	0.290595	
0.302265	0.276251	0.213535	0.198460	0.266025	
0.309140	0.250871	0.240085	0.242579	0.243584	
0.316988	0.319234	0.384665	0.269583	0.206426	
0.271738	0.290714	0.181513	0.283585	0.251575	
0.314792	0.256376	0.305509	0.237201	0.223527	
0.288436	0.339387	0.296155	0.341865	0.222617	
0.287101	0.262796	0.314538	0.186476	0.214011	
0.296731	0.314411	0.206524	0.321020	0.261184	
0.312256	0.310032	0.381114	0.265671	0.215284	
0.298792	0.259681	0.193687	0.255556	0.255815	
0.289916	0.347215	0.281811	0.304318	0.245956	
0.282348	0.235462	0.217733	0.240888	0.235223	
0.289672	0.239683	0.345420	0.208923	0.223062	
0.255867	0.237855	0.319118	0.261286	0.287780	
0.313600	0.232432	0.254659	0.219620	0.222399	
0.256783	0.253720	0.450733	0.226678	0.276008	
0.276092	0.259299	0.222786	0.282541	0.246692	
0.270141	0.272714	0.430195	0.262873	0.261017	
0.307346	0.295488	0.209861	0.225549	0.185104	
0.280516	0.288442	0.321652	0.265749	0.297008	
0.291031	0.278184	0.318801	0.208763	0.226000	
0.269403	0.270166	0.270337	0.253282	0.444571	
0.325449	0.356763	0.249436	0.311983	0.259949	
0.258386	0.244511	0.425360	0.255082	0.290868	
0.324539	0.349618	0.217957	0.292274	0.416874	
0.307059	0.280397	0.385667	0.265797	0.217094	
0.264975	0.242755	0.426190	0.221697	0.289466	
0.333621	0.374945	0.226662	0.259354	0.245947	
0.274696	0.314141	0.263807	0.273138	0.463869	
0.303821	0.264494	0.382963	0.261085	0.208008	
0.335039	0.332189	0.220317	0.225828	0.406538	
0.261348	0.247670	0.294284	0.241708	0.311236	
0.286713	0.326467	0.241986	0.252464	0.398184	
0.253417	0.227405	0.270699	0.316009	0.229974	
0.285518	0.289022	0.299870	0.266914	0.446842	
0.289306	0.292026	0.188084	0.315887	0.260481	
0.295063	0.266412	0.193927	0.304502	0.260760	
0.287199	0.318393	0.271128	0.272729	0.451148	
0.246892	0.245513	0.251850	0.307963	0.236908	
0.296540	0.300324	0.231209	0.306062	0.395060	
0.275438	0.300693	0.292963	0.259776	0.314083	
0.990494	1.006933	0.999824	0.992070	0.991293	
0.996859	1.008751	1.040651	1.005407	1.029229	
0.999901	0.959733	0.998662	1.015259	1.017902	
1.013685	1.024714	1.001494	1.012334	0.988542	
1.000641	1.023143	1.008392	0.990191	0.987959	
0.992695	0.975029	0.988220	1.016152	0.998830	
1.004792	0.981428	0.983412	0.983893	0.995975	
1.000933	1.020268	0.979346	0.984694	0.990269	
0.305927	0.319884	0.168302	0.308597	0.154525	
0.295470	0.293934	0.166028	0.236566	0.138644	
0.321514	0.338163	0.123873	0.148993	0.352272	
0.320263	0.316677	0.129544	0.192250	0.328704	
0.243702	0.263375	0.315616	0.219621	0.125058	
0.238961	0.253898	0.295593	0.238588	0.130105	
0.226041	0.210405	0.362689	0.180059	0.168692	
0.222787	0.191610	0.377365	0.155121	0.145202	
0.254839	0.365789	0.440234	0.238392	0.421743	
0.254576	0.350631	0.418760	0.230305	0.412814	
0.215694	0.218132	0.161347	0.292658	0.430172	
0.224759	0.248518	0.210051	0.302120	0.417298	
0.204796	0.224559	0.167323	0.221224	0.173019	
0.267567	0.256881	0.125544	0.158612	0.229029	
0.229077	0.253579	0.236257	0.228863	0.185458	
0.220470	0.201683	0.119514	0.166885	0.204530	
0.270572	0.300894	0.182664	0.207416	0.192206	
0.208346	0.205260	0.145014	0.219930	0.183706	
0.265460	0.298094	0.140438	0.212429	0.189463	
0.234958	0.203063	0.163208	0.181280	0.184496	
0.227387	0.251610	0.194777	0.259255	0.162654	
0.279620	0.256589	0.132290	0.177168	0.210933	
0.259602	0.233846	0.175004	0.150155	0.156043	
0.263637	0.318448	0.115658	0.185736	0.366808	
0.258412	0.248542	0.153131	0.173254	0.209718	
0.294616	0.280434	0.128283	0.168421	0.201136	
0.259034	0.268600	0.160206	0.200498	0.325887	
0.271689	0.305828	0.148715	0.212736	0.373730	
0.261450	0.222212	0.175625	0.144433	0.178849	
0.248804	0.281430	0.143783	0.205350	0.324844	
0.282361	0.283205	0.155043	0.177795	0.226824	
0.248671	0.249362	0.167433	0.157311	0.187595	
0.244270	0.241266	0.143268	0.183574	0.203528	
0.244441	0.269655	0.335754	0.200902	0.142615	
0.234908	0.250106	0.164124	0.199203	0.182346	
0.238893	0.243157	0.262950	0.155348	0.156491	
0.223055	0.267081	0.184155	0.250892	0.161739	
0.237137	0.252178	0.232496	0.161008	0.172729	
0.230333	0.247617	0.144411	0.201018	0.168160	
0.250682	0.266274	0.283267	0.197849	0.156280	
0.234083	0.202744	0.163988	0.156630	0.189030	
0.236620	0.271846	0.194161	0.247405	0.161295	
0.226145	0.211812	0.149234	0.174088	0.166897	
0.248153	0.225956	0.227121	0.179295	0.162417	
0.218710	0.215319	0.256355	0.199920	0.219633	
0.233634	0.209917	0.142465	0.153425	0.147795	
0.209340	0.236574	0.358572	0.177026	0.206523	
0.221275	0.175120	0.147926	0.152538	0.179628	
0.205166	0.261053	0.346069	0.178675	0.201085	
0.238823	0.206128	0.162815	0.175447	0.158466	
0.204915	0.220420	0.207922	0.215341	0.216975	
0.241560	0.220793	0.255761	0.163058	0.165642	
0.236268	0.236855	0.216017	0.201880	0.397778	
0.241327	0.257281	0.157322	0.208292	0.203797	
0.214946	0.213301	0.366091	0.135205	0.223924	
0.262060	0.289848	0.128846	0.185592	0.362391	
0.236685	0.236226	0.306860	0.210111	0.153130	
0.216533	0.236733	0.362348	0.189399	0.224288	
0.244044	0.253684	0.166221	0.230014	0.195138	
0.231359	0.251569	0.227665	0.208500	0.390875	
0.215207	0.227459	0.307579	0.188722	0.175192	
0.272146	0.277269	0.133525	0.213730	0.357566	
0.212488	0.195915	0.237367	0.225889	0.258297	
0.231295	0.271558	0.176650	0.200238	0.332380	
0.193730	0.175271	0.207821	0.205653	0.183235	
0.236060	0.224936	0.216963	0.192353	0.397396	
0.228538	0.200868	0.148061	0.241108	0.206984	
0.248111	0.218302	0.108950	0.202583	0.207557	
0.239007	0.258374	0.180391	0.189153	0.408287	
0.204003	0.175504	0.187123	0.225471	0.174832	
0.242831	0.236028	0.155547	0.209816	0.322728	
0.211567	0.232484	0.246474	0.219401	0.266230	
1.027631	1.039616	0.996483	1.028729	0.990227	
1.003683	0.997628	0.976811	1.002395	0.999604	
0.994365	0.981598	0.993439	1.006372	1.001414	
0.994886	0.988132	1.002054	0.989578	1.011603	
0.992167	0.999516	1.010578	1.006744	0.998133	
0.989889	1.002504	1.017190	0.994173	0.995778	
1.004947	0.983993	0.987212	0.978488	1.007018	
0.992432	1.007013	1.016232	0.993521	0.996224	
0.268417	0.301123	0.098724	0.213054	0.100906	
0.282605	0.304900	0.142804	0.221459	0.089171	
0.287764	0.344021	0.105315	0.139726	0.293970	
0.262471	0.331257	0.122802	0.147795	0.306029	
0.194532	0.221272	0.249840	0.181176	0.074393	
0.195191	0.222252	0.242683	0.175105	0.097724	
0.191824	0.133280	0.315348	0.133811	0.111641	
0.182898	0.171832	0.307216	0.119411	0.116868	
0.245235	0.338922	0.353751	0.187553	0.374155	
0.235174	0.370452	0.372496	0.182858	0.372099	
0.170050	0.175220	0.148081	0.249938	0.366376	
0.162855	0.169938	0.162483	0.273944	0.362633	
0.172132	0.146007	0.136646	0.187476	0.132378	
0.231316	0.213822	0.097116	0.111610	0.177146	
0.184051	0.205787	0.153711	0.195438	0.129391	
0.190722	0.145137	0.118964	0.136901	0.153992	
0.227250	0.258455	0.139691	0.148817	0.151149	
0.181182	0.163437	0.150843	0.197103	0.116422	
0.227999	0.255177	0.116420	0.179387	0.125235	
0.198215	0.184247	0.100593	0.142037	0.148853	
0.196024	0.230529	0.169223	0.194068	0.131471	
0.242826	0.226229	0.095908	0.126670	0.189510	
0.210292	0.183540	0.140294	0.129399	0.130519	
0.243268	0.311223	0.092967	0.161859	0.301353	
0.188930	0.200023	0.138840	0.141554	0.141816	
0.238281	0.247333	0.106087	0.141258	0.165250	
0.189609	0.209255	0.104372	0.140309	0.266322	
0.226435	0.309861	0.101694	0.155095	0.298952	
0.217486	0.204300	0.113799	0.141063	0.128910	
0.205887	0.246813	0.098883	0.133423	0.275489	
0.241140	0.262871	0.139776	0.139652	0.177831	
0.192024	0.179553	0.122078	0.126200	0.130531	
0.194866	0.170488	0.138879	0.108996	0.136589	
0.205439	0.230422	0.251105	0.155778	0.125210	
0.188802	0.171892	0.101349	0.147461	0.129975	
0.200697	0.184543	0.182647	0.100659	0.143161	
0.189955	0.232076	0.163360	0.167596	0.132787	
0.189254	0.187589	0.168346	0.118099	0.125541	
0.193558	0.206072	0.118022	0.170220	0.125856	
0.208066	0.214103	0.244248	0.136361	0.127736	
0.196844	0.178831	0.113483	0.141847	0.149047	
0.177983	0.243148	0.142412	0.170234	0.120286	
0.162817	0.151494	0.114941	0.152608	0.132902	
0.207319	0.167113	0.182014	0.108033	0.134995	
0.174638	0.180192	0.177360	0.151159	0.184904	
0.201471	0.199307	0.116104	0.125923	0.104440	
0.175247	0.181374	0.321588	0.134838	0.164463	
0.172988	0.184937	0.120920	0.130518	0.140110	
0.180559	0.163135	0.291735	0.151332	0.170731	
0.192136	0.160214	0.119999	0.114398	0.094929	
0.180449	0.195932	0.181305	0.141986	0.187104	
0.202667	0.164480	0.163988	0.095094	0.118156	
0.194105	0.181764	0.150805	0.164067	0.324933	
0.204148	0.236781	0.118847	0.176999	0.144210	
0.174169	0.177800	0.328173	0.141740	0.156649	
0.205226	0.285763	0.106732	0.157245	0.291628	
0.163482	0.180177	0.245735	0.147310	0.127164	
0.172544	0.178464	0.350292	0.124847	0.168945	
0.195389	0.240985	0.137817	0.163788	0.152084	
0.174123	0.200611	0.140637	0.145524	0.342238	
0.189433	0.162585	0.259545	0.156760	0.130727	
0.205695	0.295422	0.103213	0.160738	0.302825	
0.175258	0.181675	0.194341	0.167583	0.193226	
0.211262	0.218628	0.120891	0.162748	0.271317	
0.168148	0.145460	0.151198	0.182843	0.138561	
0.185281	0.195010	0.140509	0.170538	0.346470	
0.186939	0.166152	0.130537	0.167502	0.170256	
0.166260	0.186446	0.126004	0.157771	0.160588	
0.181495	0.207013	0.163433	0.145928	0.357777	
0.153585	0.159681	0.168402	0.197143	0.150035	
0.196292	0.233280	0.139309	0.147336	0.272454	
0.164501	0.182617	0.184024	0.179692	0.198982	
