0.915059	0.934268	0.987619	1.121629	1.078381	
0.932705	0.970811	1.014995	1.091722	1.081726	
0.908257	0.964136	0.998561	1.118519	1.113224	
0.901876	0.944680	0.976744	1.121180	1.187158	
0.920883	0.965370	0.964133	1.050821	1.144141	
0.935125	0.999385	0.989697	1.040239	1.055126	
0.872302	0.978089	1.012584	1.041111	1.084368	
0.923802	0.945700	0.998784	1.085037	1.110197	
0.896902	1.001963	1.003580	1.073458	1.275448	
0.969938	0.949209	1.022232	1.049176	1.139967	
1.009481	0.941438	0.985666	1.059182	1.251659	
0.998577	0.974689	0.963767	1.126516	1.015100	
0.907653	0.970448	0.913040	1.192628	0.928472	
1.013005	0.971904	0.822065	1.143759	1.062292	
0.999580	0.973321	0.842615	1.177920	1.057170	
1.051586	0.943261	0.889745	1.098074	1.045198	
0.876570	0.970763	0.882344	1.076181	1.020107	
1.038834	1.027701	0.942498	1.150791	1.057987	
0.948948	0.945559	0.956932	1.089854	1.049671	
0.967224	0.972740	0.940271	1.139425	1.034875	
0.923576	0.981608	0.941186	1.103122	1.057490	
0.895308	0.950646	0.944151	1.161479	1.052486	
1.016167	0.919194	1.145719	0.919024	0.888790	
1.027866	0.935528	1.146342	0.971786	0.910386	
1.033639	0.924986	1.195103	0.897116	0.871928	
1.021433	0.937766	1.128626	0.909783	0.879888	
1.038139	0.935858	1.153980	0.958605	0.921941	
1.058364	0.941098	1.128899	0.916761	0.924366	
1.028611	0.977374	1.156261	0.886764	0.888537	
0.965966	0.963566	1.149085	0.883225	0.887470	
1.005396	0.924568	1.135925	0.898179	0.864196	
1.007550	0.920007	1.141073	0.900526	0.874736	
1.010658	0.970800	1.111409	0.877423	0.930299	
1.017650	0.932019	1.178349	0.858978	0.986048	
0.957184	0.920876	1.064578	0.865443	0.829148	
0.971646	0.881760	1.070229	0.860953	0.839564	
0.993228	0.872942	1.120640	0.871346	0.807687	
1.016125	0.896936	1.085906	0.903631	0.827714	
1.040761	0.902344	1.100295	0.886613	0.823487	
1.032470	0.921986	1.139109	0.952009	0.810055	
1.096308	0.930954	1.157940	0.927916	0.786211	
1.034801	0.928666	1.171658	0.947788	0.819410	
0.968624	0.934416	1.157597	0.937169	0.860165	
1.049274	0.966795	1.160900	0.922235	0.850193	
0.967822	0.933686	1.195338	0.907390	0.827258	
1.067939	0.994581	1.027876	0.955346	1.106331	
1.026341	0.994157	0.953043	0.991416	1.109293	
1.024912	1.006211	0.959903	0.958795	1.123809	
1.119741	0.967089	0.998390	0.988711	1.123189	
1.055942	0.977522	0.965231	1.026505	1.139364	
1.047777	0.973222	0.964856	1.016023	1.152760	
1.089768	0.926354	0.998660	1.020411	1.114309	
0.986869	0.901972	1.045032	1.007510	1.139554	
1.119114	0.950497	1.071048	1.007442	1.186473	
1.052100	0.951639	1.039246	1.037987	1.182788	
0.979346	0.938319	1.030271	0.980528	1.123039	
0.991302	0.876177	1.047218	0.963797	1.084476	
0.997843	0.912199	1.022760	1.057924	1.063698	
0.895899	0.931024	0.977652	1.010262	1.076241	
0.867436	0.929987	0.966153	0.996036	1.003864	
0.906183	0.945142	0.988264	1.014519	1.087108	
0.846784	0.948955	1.018388	0.956612	1.013968	
0.916571	0.928669	0.986419	0.935301	1.046363	
0.995069	0.946521	1.006294	0.976833	1.032636	
0.968614	0.988602	1.008140	0.974470	1.072840	
0.988857	0.998221	1.000510	0.969829	1.078821	
0.998511	0.938207	1.039986	0.955397	1.036716	
1.011585	0.947966	1.014199	1.002472	1.070398	
1.062342	0.953888	1.021356	1.000940	1.034515	
0.928270	0.928863	1.033162	0.964199	1.008745	
0.865807	0.964564	1.051615	0.967378	0.886734	
1.073682	0.952395	1.081658	1.006754	0.906790	
1.012777	0.922377	1.088396	1.022372	0.905504	
1.011913	0.944766	1.112869	0.952764	0.925361	
1.067294	0.991182	1.033365	1.035679	0.933367	
1.036427	0.982025	1.049236	0.981684	0.949056	
1.019331	0.995985	1.061145	0.992252	0.924313	
0.974681	0.971761	1.060234	1.030793	0.911669	
1.009402	0.940502	1.054593	0.961490	0.906167	
0.927292	0.959331	1.065721	0.950428	0.904395	
1.000243	0.941025	1.022060	0.998890	0.907984	
1.013272	0.952501	1.055603	1.011801	0.911551	
0.986056	0.969902	1.038275	0.956291	0.911184	
0.921969	0.942418	1.106167	0.963442	0.911776	
1.118401	0.944240	1.083778	0.987969	0.872352	
1.043915	0.975091	1.052920	0.976575	0.900513	
0.910209	0.917270	1.104064	1.005762	0.907118	
0.986776	0.948245	1.073925	0.999018	0.965819	
0.918312	0.972428	1.074265	1.001565	0.935275	
0.917227	0.959184	1.080998	1.028798	0.975807	
1.057560	0.923026	1.096980	0.999194	0.914759	
0.906871	0.918518	1.078691	1.029949	0.923499	
1.069258	0.918089	1.028439	1.024282	0.919783	
0.927689	1.008869	0.926130	0.990729	1.120285	
0.898491	0.996601	1.010092	0.978100	1.083319	
0.941245	0.979739	0.967243	0.968851	1.101745	
0.918318	1.014780	0.965923	1.062138	1.041785	
0.942548	1.043761	1.016434	1.057565	0.989778	
0.984068	1.064471	1.039774	1.035669	0.979889	
0.884457	0.982766	1.054004	1.082874	1.091647	
0.915181	1.015335	1.090615	1.000063	1.020498	
0.914211	0.973603	1.027180	1.050833	1.044503	
0.901460	1.031847	1.047507	1.001502	1.038291	
0.946378	0.966767	1.079827	1.025180	1.088680	
0.934904	0.961952	1.072673	1.021869	1.159117	
0.903743	0.988622	0.993876	1.015727	0.949760	
0.883223	0.984627	0.987265	1.036469	1.004449	
1.018276	0.992174	0.983495	1.094754	0.989055	
0.910114	0.986041	1.023765	0.989776	0.972223	
0.920078	0.937252	0.980884	0.974830	1.002644	
0.896020	1.008549	1.034294	1.031214	0.943952	
0.858805	0.998451	1.032645	1.039259	0.981400	
0.867922	1.060952	1.007312	1.003580	1.011590	
0.865192	1.031133	0.993378	1.013899	1.024861	
0.915886	1.007459	1.007385	0.999838	1.102561	
0.871968	0.946228	0.992175	0.937350	1.091492	
0.948213	0.968095	0.953878	0.834430	0.950525	
1.034820	0.967072	0.999979	0.825746	0.952289	
0.968406	0.931261	1.039267	0.831189	0.960289	
0.957457	0.937935	1.014386	0.848361	0.972919	
1.000408	0.953222	1.013065	0.878903	0.961278	
1.036046	0.944246	1.063603	0.823399	0.982094	
1.023335	0.957746	1.038601	0.928628	1.039473	
1.003212	0.887318	1.048887	0.841790	0.935093	
1.089749	0.916529	1.045113	0.864623	1.030894	
0.949556	0.956429	1.012005	0.862065	1.054271	
1.047738	0.942619	1.048345	0.882505	1.075390	
0.899621	0.918578	0.954900	0.877382	0.905725	
0.903491	0.921933	0.993743	0.886114	0.855125	
0.950063	0.888831	0.987778	0.858756	0.822526	
0.962667	0.900207	0.913214	0.889017	0.860651	
0.941972	0.955742	0.965091	0.885992	0.826792	
0.976411	0.971747	0.953005	0.902588	0.831922	
0.899812	0.930625	0.923608	0.904288	0.867667	
0.904046	0.941729	0.942643	0.945597	0.846365	
0.959123	0.935578	0.997119	0.947536	0.859320	
0.866610	0.933832	1.033732	0.903289	0.913628	
0.873025	0.921704	0.970921	0.897037	0.933189	
0.907948	0.944142	0.917255	0.831080	1.004938	
0.909088	0.914469	1.053133	1.005539	1.003499	
0.909887	0.922544	1.020784	1.027740	1.024613	
0.927927	0.934716	1.033366	1.064450	1.010124	
0.851741	0.986799	1.034517	1.037506	1.024467	
0.834782	0.941912	1.067955	1.077121	1.038320	
0.935190	0.966366	1.017549	1.036024	1.077019	
0.998854	0.982500	1.122406	1.073334	1.084214	
0.952853	0.971124	1.109021	1.009273	1.116985	
0.977740	0.985866	1.048883	0.997851	1.082641	
1.014589	0.979206	1.082566	1.066484	1.075439	
0.889116	1.033482	1.039006	1.027558	1.158158	
1.003243	1.002680	1.049708	0.997906	1.065064	
0.848378	1.009099	1.038621	1.043130	1.052913	
0.864366	1.020839	1.052217	1.060073	1.115758	
0.890599	1.058454	1.064282	1.032518	1.127266	
0.924205	0.961653	1.021062	1.047508	1.133823	
0.920577	1.024782	1.058066	1.045203	1.082849	
0.841177	1.014230	1.011823	1.033556	1.090704	
0.845756	1.004523	1.010359	1.028022	0.965473	
0.836300	1.001854	1.019179	1.059096	1.065419	
0.844367	1.020350	1.019826	1.107418	1.100302	
0.964544	0.869381	0.977303	0.965968	1.109705	
1.031946	0.955289	0.926158	0.921072	1.081974	
0.865758	0.982051	0.929231	0.992204	0.950337	
0.908626	0.978808	0.955674	1.007642	1.013394	
0.948346	0.949019	0.977248	0.968771	0.979178	
0.905507	0.943715	0.943922	0.987219	1.010643	
0.880038	0.973925	0.951953	1.036373	1.154988	
0.910437	0.974132	0.991622	1.005212	1.182102	
0.946998	0.955360	0.970728	1.021036	1.218364	
0.927561	0.906565	0.964041	0.980845	1.051439	
0.961455	0.959006	0.954187	0.995619	1.173489	
0.930701	0.918112	0.957474	1.008948	0.970534	
0.968993	0.918096	0.916861	1.024869	0.923287	
0.943979	0.955244	0.947313	1.021874	0.925945	
0.884307	0.928128	0.951513	1.051381	0.883162	
0.859860	0.932451	0.936168	1.028590	0.889964	
0.866154	0.971589	0.973666	1.004858	0.929163	
0.901646	0.978285	0.978652	1.018034	0.924110	
0.822862	0.941290	0.976283	0.972037	0.877839	
0.829210	0.941595	0.928921	0.929333	0.865458	
0.847297	0.929081	0.968787	0.983556	0.862962	
0.904392	0.983023	0.968600	0.896462	0.936236	
0.994078	1.011835	0.968725	0.944455	1.015293	
0.957386	1.001261	0.919170	0.905995	0.966855	
0.919740	0.983532	0.908088	0.863881	0.931612	
0.984578	1.018793	0.954502	0.825285	0.918500	
0.949862	1.008622	0.945767	0.861886	0.917025	
0.948377	0.948530	0.934300	0.877575	0.930847	
0.982015	1.011529	0.972883	0.967998	0.901791	
0.968968	0.967431	0.946406	0.968058	0.961054	
0.994723	0.933945	0.910659	0.939386	1.062590	
1.052736	0.936855	0.974386	0.942776	1.039920	
0.967050	0.984138	0.955738	1.042637	0.952854	
0.909820	0.980237	0.966052	1.006996	0.975052	
0.970609	0.968169	0.942731	0.961878	1.006169	
0.923927	0.945837	0.967075	0.901506	0.981516	
1.043710	0.941142	0.990061	0.927401	0.916925	
0.970470	0.930625	0.943412	0.894247	0.920497	
0.995713	0.970875	0.947433	0.832429	0.895322	
0.956466	0.982049	1.002198	0.944204	0.943464	
0.900100	0.981862	0.946579	0.952105	0.916534	
0.964544	0.978977	0.960338	0.976714	0.947772	
1.005466	0.998234	1.001339	0.925605	1.058532	
0.933299	1.007542	0.981563	0.899407	0.982633	
0.927263	0.952105	0.987998	0.933878	0.910942	
0.895034	0.990723	0.952623	0.950962	1.058496	
0.940730	0.935256	0.947067	0.918909	1.004125	
0.935731	0.967241	0.995689	0.907375	1.009577	
1.136309	0.959869	1.124815	0.979661	0.936756	
1.217151	0.992104	1.184111	1.005736	0.918608	
1.188980	0.956107	1.122088	0.978607	0.921502	
1.076272	0.958829	1.148626	0.934985	0.918587	
1.015032	0.933068	1.120541	1.006151	0.980303	
1.048697	0.959222	1.158587	1.003801	0.993445	
1.101795	0.944784	1.123892	0.917906	0.977395	
1.044321	0.971542	1.111391	0.979942	0.955595	
1.022655	0.942130	1.141460	0.946164	1.009410	
1.028610	0.980614	1.163954	0.953833	0.982423	
1.028919	0.922740	1.090961	0.979678	0.874471	
1.100970	0.900782	1.127782	0.984803	0.926483	
1.059682	0.951710	1.106281	0.972391	0.924203	
1.077004	0.962055	1.136711	0.977073	0.918349	
1.077779	1.018894	1.120736	1.001661	0.870225	
1.028134	0.965771	1.153176	0.959526	0.921069	
1.043818	0.948725	1.135987	0.982534	0.950062	
0.995115	0.959786	1.117507	0.935223	0.902667	
0.944200	0.936823	1.143775	0.970332	0.907104	
0.955655	0.943416	1.158488	0.957790	0.899494	
0.972484	0.948364	1.140012	0.971341	0.949737	
1.258397	0.972454	1.201209	1.069681	1.116736	
1.133510	0.875194	1.143887	1.090178	1.107007	
0.969886	0.932646	1.066166	0.974214	1.059017	
0.996791	0.941877	1.003661	0.976744	1.000099	
0.986491	0.991460	1.000722	1.054286	0.974080	
1.095853	0.917179	0.950633	0.988301	0.977121	
1.037528	0.945579	0.972136	1.012242	1.015357	
1.067383	1.022892	0.983722	0.975117	0.957883	
1.062805	0.992314	0.975743	0.994181	0.931238	
1.055469	0.945527	1.016776	0.935586	0.887923	
1.000114	0.927154	0.974971	0.917361	0.855660	
1.147724	0.977050	0.953589	0.899712	0.860922	
1.175344	0.974257	0.979152	0.896793	0.901514	
1.203549	1.019296	1.017072	1.000331	0.930374	
1.172095	0.943191	1.061297	0.982388	0.896432	
1.191108	0.916171	1.035605	0.957563	0.914800	
1.197533	0.950043	1.059137	1.018874	0.974870	
1.092446	0.889531	1.060482	0.972381	1.017927	
1.105119	0.964174	0.979987	0.959043	0.971156	
1.193403	1.072463	0.980174	0.976817	0.957929	
1.076293	1.103418	0.973856	1.068132	1.018752	
1.169370	1.144450	0.983778	1.051801	1.084044	
1.014269	1.105842	0.966304	1.002939	1.047966	
1.136271	1.097535	0.977776	0.980532	1.068282	
1.143278	1.136289	1.008812	1.004824	0.999851	
1.079648	1.128725	1.020105	0.973842	0.934615	
1.018887	1.102575	1.020888	1.019422	0.931900	
1.123140	1.124004	1.017327	0.985497	0.961047	
1.042570	1.126192	0.982504	0.970678	0.979865	
1.069435	1.059161	1.020382	0.952514	1.020434	
0.916731	1.050753	0.957028	0.966657	0.926887	
1.081565	1.096061	0.942453	1.014837	0.902935	
1.065356	1.061416	0.936917	1.010234	0.900582	
1.024017	1.108950	0.996166	1.014246	0.973049	
1.086843	1.108374	0.944594	1.014599	0.946872	
1.001444	1.044827	0.980318	1.005768	0.951642	
0.997976	1.057985	0.961675	1.007780	0.894133	
1.036207	1.085535	1.008107	0.984975	0.882140	
0.989374	1.085463	0.968706	1.002202	0.911145	
1.034391	1.129012	0.976632	1.014935	0.880057	
1.003407	1.131868	0.994496	0.996121	0.912781	
1.066677	1.129578	1.028975	0.958630	0.966750	
1.053633	1.103432	0.922735	1.042371	1.021899	
0.994453	1.132264	0.939660	1.000976	1.004945	
1.029000	1.044497	0.939132	0.996584	0.980206	
1.049847	1.096188	0.973453	1.073323	0.975831	
1.069991	1.094132	0.932025	0.986894	1.000238	
1.039208	1.015031	0.918318	0.960851	0.981794	
0.951649	1.097353	0.957873	0.951598	1.025998	
1.038480	1.103666	0.950568	0.891789	1.084606	
1.022028	1.064532	0.930063	0.979490	1.152221	
1.047862	1.020653	0.971610	0.910636	0.981208	
1.111064	1.033423	0.954166	0.961644	0.900788	
0.999743	1.051192	0.930005	1.030700	0.849866	
1.021073	1.003349	0.874333	0.987476	0.806393	
1.075178	0.969060	0.928808	0.989808	0.826926	
1.124646	1.019514	0.934063	1.020688	0.869775	
1.069726	0.998273	0.945839	0.961620	0.923123	
1.167087	1.029167	0.909970	0.986615	0.914044	
1.031859	1.074134	0.908808	0.966156	0.897034	
1.041399	1.037265	0.905877	0.998090	0.915791	
1.038809	1.090470	0.974569	1.096831	1.018468	
0.965186	1.069282	0.965797	1.072270	0.983279	
0.956047	1.056013	0.939276	1.006881	1.070835	
0.993537	1.018821	0.948812	1.036371	1.078842	
0.996582	1.031983	0.960215	1.067029	1.090335	
0.929711	1.042672	0.944039	0.988502	1.131155	
0.990474	1.038961	0.982152	0.947942	1.112263	
0.959513	1.062846	0.986551	0.977017	1.097085	
0.995033	1.079635	0.978315	0.986455	1.193529	
1.016894	1.035623	0.922960	0.977258	1.125697	
0.957955	1.079449	0.975715	1.047518	1.129074	
0.975825	1.077687	0.946822	1.030515	1.112952	
1.054652	1.050364	0.914570	1.080789	1.163427	
1.033433	0.974003	0.985988	1.031817	1.180853	
0.998438	1.001215	0.977998	1.006146	1.182543	
1.006752	1.027563	0.968764	1.016114	1.156156	
0.958766	1.017034	0.954728	0.988664	1.152359	
1.010804	1.083375	0.932919	0.966830	1.114619	
0.930118	1.038292	1.025212	0.971958	1.099715	
1.004570	1.055516	1.056149	1.114093	0.958186	
0.971398	1.060372	1.006326	1.121177	0.975923	
1.008260	1.048319	0.983618	1.123144	0.950560	
1.034235	1.048818	0.946592	1.046052	0.963039	
1.027323	1.043095	1.010747	1.041505	0.993998	
0.957102	1.042323	0.993793	0.997492	0.976703	
0.970663	1.067701	0.998554	1.078553	1.045426	
0.999498	1.061187	1.077323	1.041404	1.088194	
0.998135	0.991754	0.989312	1.107807	1.123372	
0.947924	1.028344	1.020782	1.019969	1.025173	
1.039631	0.997301	1.038485	1.000087	1.084835	
0.958194	0.996550	1.004110	0.994428	1.105090	
0.969876	1.021475	1.002887	1.044202	1.043120	
1.001251	1.050955	1.031322	1.075114	1.022171	
1.084927	1.047933	1.069393	1.059972	1.047910	
1.108833	1.040229	1.067495	1.026529	1.065526	
0.997123	0.961744	1.092763	1.021699	0.982348	
1.084765	1.022542	1.132732	1.064813	0.984305	
1.173327	0.997245	1.046493	1.092391	0.970710	
1.025453	0.991264	1.087309	0.994000	0.989175	
0.986949	1.038647	1.081405	1.028890	1.032445	
1.030269	1.114461	0.910230	1.112299	1.052159	
1.088222	1.177307	0.955296	1.097671	1.078803	
1.115515	1.161032	0.982680	1.099806	1.012983	
1.068494	1.130192	0.969403	1.069313	1.035172	
1.070164	1.078267	0.954175	1.103253	1.040640	
1.103925	1.119314	0.907389	1.024729	1.145293	
1.068916	1.098413	0.949664	1.095675	1.051000	
1.046807	1.084413	1.003580	1.052305	0.990365	
0.958349	1.000116	0.865670	0.989133	1.067355	
1.050304	1.025958	0.980095	1.016196	0.961662	
1.064390	1.060272	0.991245	0.997769	0.959465	
0.992616	1.064808	0.912083	1.096732	0.977132	
0.973964	1.033000	0.982260	1.032030	0.988906	
0.981625	1.049291	0.947179	1.077490	0.936241	
1.026492	1.089725	0.915205	0.967511	1.043521	
1.002704	1.107162	0.986237	1.083076	1.112723	
0.892286	1.154611	0.918286	0.998848	1.077830	
1.067914	1.022361	0.837928	1.039255	0.973093	
1.069044	1.054629	0.943603	1.032812	1.026396	
1.060201	1.110503	0.996904	1.049868	1.019276	
1.040565	1.087920	0.945258	0.995571	1.033313	
1.062021	1.070323	0.980965	1.040032	0.937306	
1.129113	1.025058	0.908630	1.041740	0.950107	
1.009389	1.034115	0.949848	0.982168	0.957813	
1.086521	1.155171	0.892488	0.984101	1.008458	
1.069825	1.097545	0.860502	0.990177	1.035147	
1.092791	1.137667	0.912177	0.955492	1.013829	
1.143742	0.978942	0.909027	0.998675	0.942287	
0.985193	1.061253	0.904478	1.027887	0.907036	
1.120609	1.047190	0.898265	1.006431	0.960289	
1.080968	0.985430	0.915172	1.045931	0.980428	
1.143739	1.033470	0.909726	1.040469	0.929987	
1.037079	1.070061	0.878137	1.022195	0.964063	
1.051431	1.031007	0.851362	1.046683	0.961167	
1.122261	1.104830	0.890766	1.002042	1.014125	
1.005053	1.041903	0.894051	1.035385	1.025501	
1.140544	1.025904	0.885598	1.012697	1.068013	
1.005783	1.035012	0.894903	1.019462	1.068032	
1.052893	1.103940	0.993476	1.098863	1.016833	
1.076451	1.070982	1.015821	1.090495	0.986350	
1.071428	1.051819	1.008346	1.099499	0.984017	
1.059842	1.082159	0.959944	1.078641	1.048985	
1.039964	1.116802	0.974365	1.148427	1.026147	
1.095355	1.095397	0.953649	1.085558	1.062907	
1.060597	1.088711	0.995829	1.079443	1.036044	
1.028883	1.080873	0.969114	1.119051	1.138697	
1.046181	1.112122	0.987307	1.087672	1.102509	
1.073790	1.091820	1.016414	1.086660	1.140171	
1.052626	1.048079	0.881853	1.037881	0.928566	
1.077042	1.048997	0.893939	1.081822	0.896858	
1.021198	1.017803	0.888866	1.072644	1.021070	
0.959853	1.077271	0.878720	1.047209	1.011124	
1.014626	1.058444	0.978813	1.026548	1.082250	
1.034180	1.020582	0.850027	1.088092	1.029867	
0.911495	1.039947	0.923417	1.073487	1.066902	
1.074971	1.035961	0.914437	1.076452	0.979750	
1.084708	1.061133	0.968189	1.072864	1.018936	
1.080758	1.121849	0.926494	1.047220	1.037248	
1.176476	1.052883	0.963818	1.037387	1.027744	
1.012500	1.048078	0.935068	1.034886	1.115207	
1.079746	1.122162	0.943223	1.045983	1.062195	
1.041828	1.075360	1.022722	1.020853	1.088886	
0.984894	1.107958	1.025085	1.069571	1.027622	
1.017206	1.042894	0.999435	1.072686	1.048640	
0.933345	1.132213	0.991869	1.065214	1.053705	
1.020474	1.077289	0.984247	1.056086	1.081935	
0.995555	1.061733	1.025208	1.038947	1.154061	
0.974635	1.061855	0.976042	1.026864	1.120788	
1.059646	1.105643	1.018426	0.994609	1.091402	
1.024577	1.002321	0.902440	0.983919	0.974879	
0.982759	0.983106	0.899309	1.002968	1.040426	
1.001961	1.011278	0.916300	1.003493	1.042532	
0.990535	1.037850	0.861938	1.045661	0.973101	
1.001886	1.025222	0.916571	1.010261	1.003377	
0.902433	1.117115	0.891410	0.978616	0.969806	
0.921883	1.057544	0.932291	0.974550	0.979830	
1.034204	0.974964	0.931006	0.970688	0.994435	
1.009259	1.038166	0.918742	1.016429	1.006916	
0.987943	1.047836	0.946705	1.006051	0.982403	
0.998694	1.045537	0.939976	1.006359	1.092690	
0.766549	0.840539	0.997908	0.854197	0.646727	
0.934313	0.816279	0.889304	0.879125	0.813474	
0.815431	0.770349	0.935188	0.835570	0.686274	
0.813223	0.846975	0.950116	0.824451	0.747199	
0.755726	0.753669	0.865711	0.882442	0.828264	
0.778409	0.845692	0.809648	0.843518	0.802322	
0.792430	0.766484	0.878745	0.859782	0.791659	
0.681132	0.859926	0.925617	0.833479	0.835724	
0.671117	0.922416	0.886619	0.926698	0.771214	
0.624498	0.536229	0.768791	0.758190	0.618229	
0.698366	0.759707	0.783638	0.820097	0.618103	
0.694747	0.757561	0.763016	0.728401	0.648074	
0.763274	0.596319	0.651780	0.715566	0.637529	
0.599994	0.746194	0.710992	0.728286	0.628575	
0.518357	0.709988	0.727274	0.723189	0.556294	
0.733051	0.718183	0.716837	0.670452	0.558853	
0.566873	0.807512	0.644789	0.672208	0.593854	
0.626139	0.491104	0.666492	0.604113	0.504960	
0.547054	0.611771	0.784079	0.616835	0.518999	
0.591536	0.495017	0.698592	0.597556	0.468612	
0.562360	0.684726	0.759404	0.648265	0.493898	
0.529423	0.569727	0.824812	0.612401	0.556056	
0.765429	0.585443	0.603831	0.684824	0.580838	
0.706567	0.638320	0.656907	0.622753	0.529437	
0.647074	0.640156	0.750618	0.681050	0.510334	
0.573509	0.552856	0.602574	0.619524	0.525171	
0.540683	0.558065	0.569713	0.591245	0.493714	
0.734327	0.527871	0.733075	0.631003	0.557924	
0.434409	0.636319	0.748704	0.630993	0.552200	
0.415680	0.646370	0.760471	0.680817	0.522057	
0.453782	0.526626	0.762795	0.715268	0.540609	
0.491849	0.729520	0.806590	0.618887	0.530854	
0.581223	0.588024	0.675018	0.618680	0.469288	
0.701093	0.584737	0.683877	0.553256	0.445993	
0.472908	0.419498	0.595846	0.559793	0.448095	
0.682603	0.626884	0.651287	0.637243	0.499023	
0.558470	0.386946	0.633434	0.470883	0.371927	
0.557417	0.357609	0.595775	0.480201	0.350583	
0.625451	0.619837	0.539008	0.539670	0.419017	
0.365530	0.521938	0.702945	0.580685	0.402929	
0.543787	0.552533	0.572156	0.462877	0.449366	
0.543106	0.575136	0.545998	0.500693	0.423279	
0.405218	0.248295	0.405101	0.466807	0.362144	
0.333597	0.253344	0.532695	0.506882	0.354296	
0.651520	0.476424	0.604240	0.389168	0.350191	
0.552248	0.553665	0.658221	0.431535	0.436587	
0.456669	0.554992	0.555603	0.435650	0.334010	
0.386446	0.320274	0.568593	0.422699	0.353638	
0.613122	0.420244	0.378981	0.505987	0.370393	
0.353266	0.510182	0.639615	0.472428	0.402241	
0.465219	0.562962	0.585570	0.403782	0.373307	
0.421088	0.313359	0.467205	0.402920	0.381202	
0.673180	0.353014	0.393434	0.477507	0.368319	
0.282120	0.554030	0.616511	0.563179	0.358153	
0.236529	0.625479	0.655783	0.511386	0.410803	
0.376776	0.574704	0.540206	0.511785	0.431677	
0.351608	0.539750	0.481623	0.471322	0.366657	
0.522247	0.677202	0.477071	0.420646	0.378525	
0.695202	0.422726	0.612113	0.433118	0.369622	
0.561829	0.287256	0.404819	0.462314	0.352813	
0.600530	0.278357	0.386238	0.505632	0.332089	
0.246367	0.356192	0.557786	0.525175	0.357373	
0.701652	0.603820	0.474050	0.383574	0.374454	
0.563951	0.471854	0.427725	0.444308	0.401312	
0.566822	0.400104	0.386173	0.410269	0.385029	
0.302168	0.559302	0.691017	0.476282	0.337930	
0.436301	0.305429	0.527680	0.447855	0.359750	
0.401453	0.552886	0.648332	0.523849	0.345667	
0.192061	0.275402	0.464919	0.516750	0.342827	
0.336982	0.402526	0.529127	0.379644	0.353094	
0.306796	0.498528	0.563822	0.450626	0.271705	
0.611944	0.497189	0.457847	0.357112	0.297007	
0.229304	0.546652	0.574982	0.547414	0.331412	
0.364646	0.468282	0.506953	0.451075	0.316428	
0.544369	0.525318	0.484143	0.375659	0.300005	
0.505386	0.279583	0.563677	0.352200	0.300396	
0.390451	0.475454	0.576118	0.495846	0.316331	
0.242698	0.598159	0.485041	0.422353	0.340637	
0.360201	0.209544	0.383815	0.344489	0.276970	
0.557913	0.318875	0.402624	0.493488	0.307786	
0.549357	0.296868	0.407874	0.464777	0.302223	
0.590859	0.480672	0.436542	0.369344	0.380481	
0.486410	0.217937	0.411934	0.343036	0.255689	
0.417626	0.154674	0.374763	0.366094	0.237947	
0.522652	0.249308	0.406504	0.392621	0.259898	
0.174793	0.454909	0.585174	0.503332	0.344333	
0.518313	0.243129	0.507275	0.331286	0.260063	
0.190419	0.364719	0.550464	0.415500	0.320849	
0.207814	0.382366	0.494294	0.423293	0.272045	
0.539004	0.327769	0.537420	0.378092	0.262292	
0.232740	0.407016	0.598561	0.394565	0.284238	
0.506999	0.485608	0.367830	0.362556	0.308787	
0.531368	0.607666	0.432036	0.343953	0.301535	
0.401167	0.541235	0.328413	0.365853	0.317251	
0.369709	0.419125	0.398002	0.424154	0.288397	
0.229500	0.223627	0.413880	0.350619	0.299745	
0.186372	0.564324	0.529598	0.347555	0.267904	
0.509666	0.396576	0.514700	0.343995	0.277242	
0.192171	0.384162	0.469828	0.406969	0.204951	
0.188685	0.395646	0.476501	0.402546	0.271081	
0.207131	0.191436	0.408009	0.308112	0.243426	
0.552569	0.459630	0.514269	0.299424	0.231583	
0.538676	0.465396	0.398885	0.333506	0.254126	
0.496847	0.492794	0.433930	0.310180	0.243891	
0.571463	0.402863	0.348397	0.254620	0.281827	
0.453840	0.484114	0.384072	0.257625	0.262722	
0.339741	0.196428	0.248862	0.329716	0.267548	
0.489123	0.204301	0.273615	0.328271	0.230412	
0.436877	0.214466	0.253630	0.277282	0.207304	
0.146660	0.240266	0.402126	0.239303	0.221787	
0.221462	0.356717	0.474873	0.393955	0.221391	
0.363362	0.530649	0.367625	0.265426	0.217650	
0.143410	0.431305	0.485014	0.364212	0.210902	
0.172563	0.423756	0.493062	0.387480	0.224002	
0.187254	0.405557	0.496826	0.387638	0.201013	
0.323724	0.271193	0.386719	0.328533	0.196635	
0.255443	0.178168	0.336009	0.243223	0.229351	
0.635919	0.224266	0.548315	0.264192	0.228159	
0.297193	0.407905	0.497296	0.316782	0.242433	
0.514165	0.284447	0.514104	0.267048	0.243579	
0.328992	0.447812	0.460073	0.314923	0.272698	
0.406962	0.322891	0.470408	0.245236	0.221758	
0.185145	0.197203	0.364522	0.289554	0.185324	
0.265463	0.394091	0.486142	0.257503	0.235764	
0.565859	0.449836	0.371451	0.243590	0.247956	
0.610169	0.456154	0.417165	0.309896	0.218932	
0.493124	0.448053	0.371905	0.304764	0.221638	
0.232358	0.373921	0.485400	0.363789	0.195972	
0.296050	0.266087	0.479932	0.352073	0.201884	
0.085293	0.234127	0.411228	0.332730	0.197508	
0.155452	0.426573	0.324585	0.306358	0.222069	
0.155109	0.442052	0.318724	0.239276	0.218889	
0.340176	0.178442	0.418903	0.252631	0.201234	
0.371159	0.477179	0.302239	0.247715	0.226482	
0.467142	0.350914	0.383375	0.211467	0.184691	
0.156990	0.436458	0.461818	0.331067	0.223605	
0.369951	0.372523	0.417644	0.251635	0.241888	
0.110071	0.371033	0.478495	0.356296	0.222319	
0.097296	0.219430	0.355653	0.271250	0.222190	
0.102238	0.184138	0.411262	0.292092	0.205396	
0.140401	0.106265	0.368425	0.357970	0.231209	
0.245392	0.448930	0.433949	0.292663	0.243349	
0.266843	0.352007	0.461377	0.335515	0.210987	
0.268098	0.319879	0.434577	0.329386	0.200064	
0.097844	0.448311	0.403139	0.320990	0.204113	
0.401837	0.450902	0.407626	0.327151	0.225961	
0.559827	0.301546	0.299502	0.344023	0.229090	
0.525344	0.259013	0.298209	0.312204	0.208363	
0.292008	0.195582	0.217547	0.342153	0.200228	
0.342910	0.253846	0.461420	0.230960	0.215271	
0.280636	0.228409	0.424840	0.249030	0.210794	
0.631033	0.206057	0.412391	0.338278	0.206631	
0.410872	0.169457	0.266754	0.328801	0.191384	
0.151747	0.423368	0.466280	0.364259	0.188426	
0.386014	0.218275	0.415862	0.298774	0.189880	
0.156830	0.346556	0.491002	0.341298	0.159632	
0.355587	0.228948	0.390566	0.295576	0.186087	
0.362107	0.113408	0.384815	0.282132	0.153736	
0.161859	0.226641	0.424793	0.278908	0.185592	
0.068687	0.295742	0.460434	0.302471	0.185394	
0.549028	0.475870	0.329340	0.189815	0.206805	
0.168495	0.362348	0.416510	0.245295	0.184312	
0.223263	0.399761	0.290341	0.261504	0.209018	
0.176091	0.416326	0.284779	0.205627	0.204579	
0.420556	0.552351	0.285635	0.237292	0.196645	
0.427678	0.493494	0.254715	0.240322	0.201865	
0.205145	0.117991	0.202921	0.253571	0.167597	
0.416628	0.233416	0.228818	0.289867	0.183684	
0.092280	0.148453	0.370083	0.227957	0.178266	
0.229981	0.343482	0.382089	0.286885	0.173641	
0.250422	0.381614	0.407768	0.303109	0.189837	
0.219042	0.362653	0.450447	0.292387	0.145784	
0.266876	0.224350	0.371655	0.189615	0.168398	
0.166447	0.341003	0.479852	0.244594	0.161912	
0.123449	0.431126	0.395416	0.293926	0.158108	
0.111425	0.512159	0.306175	0.294940	0.182916	
0.470774	0.345346	0.276937	0.251500	0.195525	
0.486703	0.279487	0.301514	0.225582	0.175500	
0.548133	0.367917	0.320374	0.194453	0.173479	
0.125928	0.199278	0.270822	0.300527	0.187679	
0.212029	0.185124	0.294247	0.237091	0.165630	
0.130702	0.186565	0.425379	0.251564	0.170263	
0.127999	0.144953	0.457565	0.255860	0.176241	
0.244229	0.227252	0.275511	0.284767	0.193918	
0.437591	0.368722	0.274710	0.190166	0.184136	
0.248155	0.123970	0.188092	0.192450	0.151178	
0.193291	0.502707	0.204582	0.228201	0.168749	
0.503971	0.361563	0.249806	0.212833	0.199244	
0.557609	0.307748	0.265203	0.253055	0.178688	
0.451257	0.192658	0.238545	0.275447	0.187851	
0.514836	0.168138	0.270060	0.242911	0.184754	
0.135009	0.396729	0.492130	0.293808	0.175989	
0.129394	0.260148	0.407542	0.233719	0.204417	
0.554201	0.171526	0.477438	0.210653	0.154906	
0.556796	0.156362	0.426238	0.207791	0.164286	
0.087299	0.091634	0.255487	0.264248	0.172286	
0.084594	0.435681	0.355402	0.241759	0.132306	
0.416518	0.227180	0.259836	0.236588	0.193655	
0.438884	0.296837	0.261596	0.215431	0.181218	
0.431281	0.227268	0.375341	0.179792	0.154449	
0.110375	0.294030	0.386996	0.262506	0.118900	
0.543099	0.136241	0.162703	0.230937	0.141782	
0.485067	0.229460	0.178388	0.202102	0.132717	
0.077164	0.152029	0.326269	0.171480	0.143124	
0.115652	0.179596	0.341572	0.290057	0.144631	
0.064267	0.397406	0.368630	0.240933	0.155570	
0.106333	0.344145	0.354605	0.227850	0.157263	
0.312644	0.391027	0.388981	0.162057	0.150221	
0.245383	0.099260	0.186980	0.201680	0.134376	
0.351682	0.401474	0.264299	0.197069	0.119697	
0.175158	0.107633	0.314406	0.158291	0.137337	
0.261008	0.281274	0.376506	0.157480	0.183433	
0.271715	0.358435	0.320414	0.177849	0.117377	
0.177283	0.294125	0.319393	0.288078	0.126612	
0.388145	0.372041	0.354826	0.215000	0.146456	
0.610810	0.268592	0.347354	0.167326	0.136150	
0.092383	0.262614	0.453263	0.274085	0.144307	
0.373803	0.335417	0.221511	0.205889	0.149806	
0.416973	0.313607	0.229123	0.194410	0.160406	
0.085227	0.214177	0.445647	0.253564	0.106008	
0.466466	0.134176	0.216458	0.225706	0.137791	
0.440734	0.199057	0.385307	0.190693	0.102425	
0.103866	0.277691	0.440706	0.212531	0.102944	
0.124543	0.310355	0.397671	0.272447	0.126775	
0.212497	0.324926	0.283430	0.197187	0.162535	
0.202492	0.401528	0.232305	0.132759	0.155164	
0.235269	0.420469	0.201508	0.257186	0.174281	
0.098657	0.246211	0.348004	0.249831	0.137989	
0.558292	0.152874	0.399036	0.196909	0.118019	
0.585756	0.108267	0.269277	0.166114	0.149648	
0.574725	0.176536	0.392900	0.165919	0.117746	
0.507228	0.098011	0.265456	0.203103	0.137800	
0.156233	0.099905	0.342801	0.157379	0.130704	
0.219011	0.097903	0.324846	0.192189	0.130979	
0.094116	0.231352	0.430598	0.270405	0.142011	
0.371115	0.379252	0.251361	0.189319	0.120343	
0.164084	0.330371	0.396665	0.204038	0.148656	
0.416338	0.097692	0.154237	0.202533	0.108819	
0.200148	0.281471	0.374428	0.256319	0.136504	
0.448766	0.372929	0.332496	0.179203	0.164020	
0.404119	0.181641	0.195052	0.207884	0.133707	
0.085538	0.372104	0.364016	0.297779	0.123159	
0.102285	0.095467	0.294889	0.183588	0.102878	
0.109814	0.117568	0.303586	0.237943	0.150447	
0.174726	0.446319	0.266116	0.201566	0.135876	
0.175848	0.385681	0.249843	0.194447	0.155241	
0.060939	0.084921	0.321705	0.207443	0.112704	
0.216613	0.115310	0.175512	0.194141	0.131798	
0.079815	0.127863	0.288307	0.144641	0.136269	
0.051459	0.341994	0.397908	0.242261	0.093054	
0.215674	0.110744	0.179204	0.227594	0.112933	
0.140197	0.127933	0.291492	0.171824	0.101024	
0.101689	0.182222	0.264245	0.181949	0.097683	
0.146868	0.117776	0.226872	0.183242	0.089107	
0.117577	0.175778	0.261178	0.226247	0.115213	
0.429066	0.313568	0.305266	0.174148	0.140555	
0.231281	0.397019	0.374283	0.228623	0.133331	
0.172913	0.326356	0.427951	0.195323	0.140034	
0.037870	0.365571	0.300744	0.228756	0.115301	
0.074246	0.384566	0.266013	0.191758	0.106688	
0.487449	0.231951	0.150703	0.167757	0.122135	
0.272158	0.245920	0.283516	0.237055	0.127975	
0.078783	0.297575	0.355786	0.231703	0.130846	
0.182671	0.280825	0.375908	0.147826	0.112277	
0.186014	0.225953	0.354457	0.111038	0.144531	
0.084747	0.264114	0.376497	0.199646	0.118847	
0.241086	0.224140	0.397788	0.163833	0.115597	
0.446185	0.332419	0.300531	0.188636	0.121978	
0.224451	0.124106	0.177716	0.173830	0.133410	
0.290656	0.120068	0.311636	0.126033	0.140457	
0.341317	0.139729	0.330155	0.099279	0.109630	
0.079921	0.341941	0.305361	0.187746	0.109200	
0.117646	0.364795	0.339579	0.123672	0.123864	
0.356442	0.244296	0.282173	0.150240	0.136584	
0.128949	0.138901	0.200674	0.184887	0.123782	
0.265752	0.288958	0.272745	0.204691	0.083867	
0.053279	0.066663	0.235699	0.211091	0.087745	
0.063539	0.352304	0.373646	0.215252	0.117436	
0.463852	0.239240	0.165426	0.141371	0.119420	
0.218247	0.284448	0.345351	0.116883	0.131163	
0.351003	0.221101	0.252290	0.154096	0.120131	
0.033843	0.102228	0.217558	0.207858	0.110984	
0.185312	0.232615	0.290045	0.182369	0.109388	
0.433011	0.417507	0.254616	0.121485	0.149746	
0.072571	0.313156	0.225901	0.187501	0.110433	
0.085358	0.342409	0.219244	0.153878	0.106601	
0.351628	0.394079	0.231690	0.135990	0.124980	
0.450429	0.329099	0.245465	0.147937	0.110010	
0.201352	0.218107	0.171406	0.197303	0.141786	
0.474322	0.305347	0.259108	0.175347	0.131479	
0.271294	0.452380	0.226511	0.166804	0.118242	
0.099584	0.201547	0.254032	0.178469	0.135924	
0.101780	0.239454	0.225026	0.186474	0.110828	
0.086524	0.077349	0.299124	0.168172	0.117956	
0.418834	0.128010	0.171586	0.197035	0.103767	
0.404594	0.162782	0.200705	0.141572	0.053906	
0.242993	0.087046	0.269590	0.147642	0.086101	
0.556760	0.131594	0.445259	0.112003	0.098936	
0.083005	0.180960	0.294629	0.150812	0.086392	
0.432541	0.144622	0.463133	0.081814	0.113218	
0.106771	0.166064	0.297209	0.146570	0.113668	
0.087951	0.279025	0.374706	0.163427	0.113952	
0.448491	0.262645	0.442479	0.110378	0.084720	
0.105002	0.266022	0.357403	0.228446	0.097393	
0.311248	0.101680	0.196663	0.156360	0.085240	
0.123985	0.217184	0.351287	0.118206	0.107323	
0.063682	0.211995	0.405972	0.224809	0.099602	
0.056542	0.275512	0.427690	0.250936	0.114616	
0.326302	0.148310	0.299508	0.156762	0.088978	
0.268398	0.076284	0.289297	0.097115	0.084897	
0.096172	0.186305	0.366254	0.227332	0.116355	
0.070458	0.179553	0.369073	0.217717	0.107679	
0.491770	0.081579	0.268857	0.129949	0.087704	
0.285428	0.388961	0.186321	0.127639	0.096234	
0.063398	0.188478	0.344270	0.185209	0.104002	
0.477122	0.267410	0.195991	0.123724	0.113299	
0.414011	0.322587	0.187385	0.130452	0.112932	
0.443493	0.369352	0.246490	0.119838	0.103811	
0.105164	0.167357	0.201151	0.143046	0.099654	
0.079902	0.437448	0.254072	0.104048	0.134719	
0.078458	0.147781	0.322468	0.132498	0.096445	
0.114454	0.345617	0.341328	0.166119	0.107485	
0.093833	0.295810	0.364506	0.161033	0.082449	
0.130247	0.208981	0.401579	0.101154	0.086843	
0.379326	0.142848	0.183082	0.204235	0.101667	
0.050087	0.301529	0.297028	0.180766	0.069883	
0.127531	0.094020	0.148682	0.143406	0.087324	
0.083686	0.139944	0.277895	0.156881	0.100656	
0.079850	0.080624	0.283847	0.195432	0.083232	
0.439433	0.260728	0.223728	0.128128	0.123444	
0.308049	0.114900	0.289388	0.135659	0.076994	
0.360337	0.101600	0.317522	0.118196	0.060670	
0.074451	0.293210	0.291597	0.176677	0.079240	
0.167692	0.300416	0.214294	0.108124	0.102720	
0.333836	0.271257	0.268824	0.105894	0.102453	
0.314435	0.218566	0.230056	0.152184	0.090733	
0.144235	0.308468	0.318141	0.177181	0.083846	
0.288054	0.172096	0.166821	0.151706	0.079961	
0.051948	0.395310	0.260686	0.173205	0.097336	
0.049290	0.276012	0.336727	0.112874	0.067135	
0.082233	0.358675	0.360382	0.187201	0.088404	
0.077414	0.381872	0.379872	0.208968	0.075752	
0.051244	0.067139	0.247832	0.170354	0.088626	
0.095499	0.100547	0.186376	0.209257	0.091460	
0.325329	0.145336	0.285914	0.113709	0.087031	
0.177978	0.112285	0.273650	0.145759	0.103563	
0.190037	0.193307	0.268032	0.092401	0.068576	
0.077420	0.109873	0.176323	0.199430	0.082374	
0.517831	0.152894	0.407967	0.109207	0.091413	
0.221199	0.445918	0.210598	0.104997	0.072174	
0.078809	0.190296	0.336443	0.155992	0.100896	
0.058813	0.190438	0.334629	0.174131	0.086771	
0.061908	0.182719	0.404539	0.237607	0.064939	
0.074009	0.136743	0.296523	0.202981	0.104639	
0.371092	0.139574	0.158650	0.159988	0.073297	
0.410284	0.070449	0.271444	0.097075	0.058422	
0.296112	0.274829	0.196083	0.147700	0.099614	
0.254194	0.263846	0.192278	0.117581	0.097244	
0.114976	0.102978	0.260624	0.137779	0.102648	
0.057158	0.092948	0.250287	0.098745	0.053299	
0.092680	0.456302	0.203300	0.113427	0.084007	
0.095492	0.250043	0.335165	0.228384	0.082900	
0.121193	0.274677	0.338213	0.168209	0.083803	
0.074924	0.127893	0.355626	0.172822	0.077922	
0.105592	0.216796	0.376334	0.175299	0.085176	
0.342034	0.233297	0.270838	0.113626	0.082346	
0.077691	0.269310	0.393219	0.215163	0.069464	
0.267940	0.267111	0.319728	0.130334	0.100984	
0.276696	0.058689	0.218026	0.118686	0.080053	
0.261183	0.090059	0.163666	0.097947	0.063071	
0.090726	0.182863	0.333010	0.137939	0.095387	
0.365825	0.228243	0.203994	0.125703	0.089249	
0.371447	0.115887	0.366256	0.090379	0.076361	
0.443677	0.259548	0.155062	0.127670	0.081198	
0.437906	0.132417	0.323227	0.055284	0.055632	
0.156731	0.243999	0.190464	0.106040	0.088568	
0.100924	0.157920	0.287149	0.147493	0.068756	
0.146882	0.202708	0.176651	0.120087	0.099076	
0.082487	0.140112	0.253980	0.075224	0.066848	
0.457244	0.160785	0.160867	0.180515	0.084866	
0.297347	0.197513	0.158331	0.151526	0.084531	
0.365107	0.308615	0.290830	0.138117	0.109308	
0.248403	0.120329	0.132224	0.121843	0.073027	
0.296493	0.168199	0.141657	0.127033	0.075811	
0.350992	0.328014	0.234415	0.123351	0.093869	
0.218321	0.076844	0.112496	0.159894	0.080155	
0.076115	0.174670	0.308309	0.196842	0.068370	
0.191841	0.337830	0.284726	0.140751	0.073066	
0.086323	0.218921	0.278818	0.142729	0.074986	
0.171283	0.375118	0.232572	0.105808	0.076828	
0.114328	0.284008	0.251955	0.125315	0.098838	
0.217091	0.127590	0.091941	0.113073	0.057463	
0.301361	0.326913	0.215929	0.126989	0.071959	
0.065611	0.124786	0.266911	0.128614	0.044159	
0.362550	0.304277	0.203929	0.126681	0.081603	
0.298281	0.222209	0.178908	0.108261	0.080650	
0.383559	0.171686	0.364404	0.103568	0.085264	
0.584058	0.152103	0.310347	0.061520	0.058869	
0.243213	0.136007	0.301935	0.112262	0.075928	
0.075964	0.204118	0.283972	0.199161	0.068190	
0.339249	0.179005	0.315605	0.101843	0.091661	
0.314924	0.208158	0.352066	0.121716	0.070799	
0.415486	0.107996	0.097520	0.145378	0.051946	
0.054562	0.148680	0.270683	0.131353	0.058799	
0.128028	0.228745	0.319479	0.100688	0.076800	
0.076119	0.263858	0.248385	0.195784	0.051815	
0.140302	0.213343	0.326526	0.106782	0.060190	
0.058806	0.302342	0.263529	0.236240	0.082522	
0.053625	0.153218	0.274828	0.119546	0.059605	
0.172670	0.167859	0.220325	0.136232	0.063071	
0.053554	0.131662	0.208713	0.096782	0.064466	
0.113095	0.267900	0.315247	0.314981	0.083821	
0.078568	0.165842	0.244446	0.147844	0.090642	
0.175170	0.277039	0.317611	0.098621	0.079414	
0.245105	0.253637	0.318759	0.084532	0.072436	
0.074697	0.317198	0.322861	0.158050	0.072739	
0.437429	0.153764	0.115871	0.140604	0.074066	
0.110692	0.209975	0.271917	0.145702	0.044938	
0.084940	0.264768	0.315307	0.192708	0.062595	
0.071014	0.206973	0.290277	0.161348	0.069796	
0.087661	0.069549	0.309026	0.129631	0.066017	
0.179772	0.121094	0.297753	0.091940	0.093947	
0.409293	0.242637	0.307392	0.081622	0.081067	
0.380823	0.179097	0.282798	0.068747	0.042046	
0.249989	0.241460	0.263916	0.137658	0.080299	
0.173991	0.132024	0.129125	0.171843	0.080527	
0.502756	0.138763	0.378452	0.073008	0.071036	
0.074990	0.218227	0.220138	0.124609	0.066963	
0.390624	0.124868	0.362902	0.088712	0.052017	
0.342706	0.286505	0.203369	0.123948	0.066035	
0.171880	0.398172	0.175057	0.072302	0.077023	
0.234633	0.406998	0.129213	0.123368	0.075303	
0.465357	0.082127	0.121656	0.106908	0.062577	
0.398352	0.113169	0.114338	0.118997	0.044680	
0.271410	0.165500	0.150122	0.101312	0.100298	
0.139004	0.067145	0.224943	0.066021	0.092698	
0.083561	0.254813	0.339486	0.107855	0.062560	
0.158025	0.175831	0.279108	0.122660	0.063380	
0.225561	0.138648	0.267886	0.140256	0.045466	
0.073528	0.097179	0.271047	0.144720	0.063320	
0.090091	0.349098	0.225865	0.085302	0.043240	
0.442580	0.155674	0.137342	0.081318	0.058941	
0.106515	0.336636	0.223464	0.102889	0.055937	
0.314111	0.217378	0.223300	0.083537	0.076696	
0.454033	0.227592	0.199040	0.087732	0.080057	
0.071175	0.098550	0.196102	0.136451	0.078405	
0.136178	0.109517	0.129600	0.134628	0.056450	
0.120150	0.183476	0.274294	0.096205	0.072600	
0.466188	0.110168	0.083536	0.122935	0.059372	
0.135807	0.056677	0.096026	0.117007	0.075525	
0.087147	0.163045	0.251971	0.089329	0.086073	
0.052717	0.331029	0.315083	0.202561	0.052252	
0.118108	0.092257	0.098774	0.130559	0.060625	
0.063508	0.143191	0.142134	0.156068	0.078312	
0.222939	0.121843	0.184147	0.169317	0.081361	
0.172837	0.056707	0.237180	0.097338	0.052947	
0.104203	0.241264	0.338220	0.079022	0.051567	
0.109597	0.239229	0.371135	0.123413	0.056427	
0.046766	0.280042	0.294921	0.178178	0.072416	
0.104616	0.247967	0.241749	0.154518	0.049602	
0.078913	0.085593	0.191462	0.133169	0.051726	
0.070329	0.085801	0.220389	0.163047	0.047701	
0.097041	0.116559	0.317636	0.156858	0.070943	
0.068717	0.204874	0.312726	0.108303	0.057564	
0.386171	0.140031	0.307423	0.074069	0.055144	
0.202665	0.188806	0.253612	0.131351	0.079445	
0.176096	0.237182	0.237402	0.129758	0.075506	
0.081267	0.125974	0.277413	0.040155	0.054904	
0.167960	0.113654	0.169954	0.134765	0.075061	
0.079116	0.176661	0.198047	0.132242	0.082453	
0.083458	0.126904	0.229346	0.114483	0.061829	
0.067124	0.360362	0.185866	0.130974	0.067103	
0.333543	0.190331	0.147443	0.082128	0.088869	
0.492629	0.168050	0.150028	0.085996	0.080451	
0.108423	0.180500	0.337690	0.137925	0.064866	
0.058278	0.273406	0.260603	0.113551	0.046005	
0.206870	0.071105	0.137827	0.229528	0.092597	
0.463673	0.098374	0.381193	0.075482	0.067393	
0.388035	0.119046	0.331844	0.075104	0.056480	
0.193395	0.048528	0.102147	0.151132	0.065693	
0.178538	0.142581	0.371787	0.150147	0.083993	
0.376709	0.130888	0.132266	0.122232	0.071695	
0.105502	0.093095	0.311170	0.182738	0.053049	
0.077296	0.107493	0.280924	0.160063	0.051174	
0.050827	0.254134	0.306634	0.144593	0.051528	
0.142685	0.277654	0.303016	0.187917	0.045227	
0.132437	0.207750	0.274969	0.055416	0.057431	
0.095272	0.086298	0.204136	0.139558	0.050287	
0.460290	0.287657	0.187298	0.064982	0.084077	
0.325109	0.285597	0.238107	0.099064	0.067014	
0.417015	0.379782	0.188860	0.086139	0.071319	
0.402458	0.254350	0.226529	0.072134	0.069805	
0.363403	0.341874	0.214791	0.100344	0.065642	
0.086458	0.295473	0.277120	0.190134	0.053445	
0.081543	0.295482	0.286894	0.126770	0.057610	
0.074573	0.445914	0.169547	0.071181	0.066883	
0.139723	0.121972	0.178195	0.066116	0.065794	
0.353900	0.132915	0.138140	0.131643	0.062307	
0.299750	0.219909	0.169911	0.085474	0.063255	
0.330816	0.244698	0.273144	0.073493	0.079431	
0.147996	0.186400	0.226356	0.130054	0.074852	
0.107008	0.119595	0.126610	0.155846	0.067619	
0.150924	0.150707	0.217329	0.035801	0.048043	
0.027036	0.082914	0.186331	0.201240	0.054724	
0.047451	0.125997	0.190324	0.148597	0.063785	
0.080644	0.286788	0.279290	0.104792	0.071710	
0.132235	0.120556	0.296398	0.046413	0.048059	
0.080521	0.270247	0.241522	0.097873	0.033622	
0.121586	0.114582	0.257281	0.098271	0.045717	
0.405443	0.200658	0.260286	0.048721	0.069221	
0.249312	0.233000	0.185502	0.082937	0.066713	
0.357600	0.034717	0.314312	0.042228	0.041880	
0.322968	0.293098	0.217169	0.061952	0.060713	
0.336793	0.231801	0.202243	0.085768	0.060916	
0.101637	0.050291	0.107614	0.123175	0.036803	
0.297469	0.093025	0.114358	0.157488	0.040475	
0.299349	0.107146	0.152748	0.179859	0.061317	
0.033902	0.233959	0.283396	0.117527	0.054645	
0.084435	0.169492	0.282344	0.068673	0.050414	
0.068199	0.269495	0.261007	0.169249	0.045768	
0.076908	0.258179	0.371151	0.193468	0.047564	
0.072054	0.138868	0.368239	0.095093	0.055988	
0.072292	0.418093	0.227668	0.097956	0.052691	
0.104413	0.118897	0.088301	0.140677	0.052136	
0.423314	0.151597	0.159798	0.128037	0.057462	
0.083617	0.442331	0.172071	0.096447	0.050012	
0.124436	0.171311	0.238944	0.237214	0.035522	
0.099240	0.107793	0.199418	0.062344	0.052544	
0.086427	0.156236	0.306631	0.165189	0.045625	
0.067844	0.203158	0.274584	0.112168	0.070858	
0.375189	0.202260	0.244535	0.076424	0.056274	
0.209720	0.270566	0.260498	0.078394	0.043354	
0.196296	0.230104	0.260628	0.061662	0.052091	
0.238217	0.253132	0.254553	0.078903	0.031699	
0.170084	0.228739	0.253817	0.065646	0.053663	
0.255730	0.134899	0.105181	0.150940	0.058698	
0.092469	0.104560	0.186771	0.116441	0.034118	
0.092865	0.056074	0.197295	0.090858	0.033126	
0.104411	0.143879	0.205618	0.147242	0.055399	
0.075940	0.151858	0.229110	0.248431	0.049709	
0.143467	0.141234	0.252037	0.058336	0.051112	
0.103735	0.149085	0.183819	0.051115	0.046670	
0.278788	0.159020	0.157321	0.109032	0.049300	
0.051022	0.222775	0.303509	0.102015	0.058623	
0.073139	0.211859	0.293118	0.108948	0.037805	
0.121717	0.079964	0.151389	0.124826	0.070992	
0.219994	0.158616	0.221087	0.068638	0.039802	
0.155110	0.220115	0.160390	0.123869	0.056062	
0.253526	0.113820	0.243863	0.091691	0.040380	
0.035456	0.118609	0.138660	0.159514	0.039689	
0.124209	0.163617	0.209750	0.120879	0.050222	
0.089172	0.331229	0.242186	0.068793	0.043532	
0.100073	0.117440	0.188271	0.189947	0.051170	
0.077485	0.311579	0.289478	0.121542	0.044733	
0.220478	0.123660	0.169010	0.129477	0.038416	
0.041063	0.060110	0.156229	0.097001	0.015568	
0.081546	0.202510	0.311370	0.263675	0.051667	
0.101816	0.170862	0.289658	0.188526	0.052227	
0.230378	0.169748	0.111978	0.115283	0.070274	
0.263207	0.101717	0.080130	0.061903	0.040123	
0.073880	0.128750	0.222647	0.098547	0.041640	
0.108556	0.191335	0.226373	0.073358	0.042966	
0.070873	0.189287	0.212751	0.182793	0.074948	
0.093806	0.122146	0.182223	0.169802	0.045380	
0.072875	0.048992	0.209012	0.060043	0.031930	
0.249194	0.285078	0.169674	0.059123	0.051421	
0.257535	0.179308	0.280599	0.055967	0.042657	
0.110331	0.194481	0.261891	0.127479	0.060558	
0.062518	0.140286	0.248543	0.075290	0.048989	
0.174275	0.224361	0.258141	0.026287	0.055363	
0.081618	0.096500	0.230861	0.228490	0.037815	
0.086797	0.130238	0.178502	0.114472	0.054022	
0.097691	0.134202	0.170563	0.136619	0.042833	
0.126451	0.122480	0.152943	0.169109	0.040645	
0.060453	0.100780	0.308546	0.195703	0.042915	
0.087956	0.100800	0.178161	0.221722	0.053715	
0.061548	0.119795	0.232058	0.175932	0.037554	
0.149368	0.147588	0.312592	0.074429	0.037495	
0.309806	0.086356	0.112386	0.128035	0.030907	
0.143366	0.288567	0.270747	0.118499	0.032278	
0.052172	0.060959	0.157472	0.105161	0.047440	
0.446630	0.060247	0.100748	0.200025	0.044634	
0.085781	0.088570	0.162627	0.082908	0.030363	
0.072871	0.074804	0.154653	0.109498	0.024468	
0.455868	0.116380	0.293162	0.075737	0.035893	
0.318092	0.193301	0.206329	0.119681	0.033767	
0.263769	0.268970	0.209160	0.051391	0.047698	
0.091960	0.053448	0.257786	0.070421	0.029095	
0.274701	0.124097	0.080018	0.064909	0.035272	
0.062009	0.051778	0.221575	0.109319	0.024347	
0.085693	0.084993	0.201408	0.066606	0.028149	
0.423299	0.206054	0.237787	0.052908	0.037454	
0.157744	0.057965	0.056613	0.119447	0.044477	
0.206444	0.261762	0.255235	0.082880	0.029513	
0.176513	0.210755	0.272612	0.094575	0.032980	
0.063669	0.272768	0.289345	0.129965	0.052026	
0.082447	0.213275	0.236066	0.208957	0.049426	
0.060467	0.240610	0.235086	0.063309	0.054735	
0.058570	0.266124	0.303553	0.148858	0.042511	
0.214635	0.175979	0.225343	0.060299	0.057366	
0.085759	0.105625	0.163195	0.278772	0.042035	
0.154995	0.099446	0.198789	0.183761	0.039599	
0.367426	0.163253	0.237810	0.053649	0.014339	
0.087374	0.117453	0.241460	0.064055	0.031195	
0.066152	0.102863	0.224375	0.049290	0.027711	
0.075266	0.058329	0.076834	0.081107	0.059255	
0.068515	0.073170	0.158560	0.075141	0.029377	
0.054323	0.051284	0.164147	0.129308	0.044929	
0.058672	0.226023	0.279642	0.210240	0.071928	
0.347325	0.111365	0.134819	0.116477	0.032713	
0.053436	0.313701	0.286037	0.104214	0.039239	
0.042663	0.305751	0.273569	0.104422	0.035046	
0.227158	0.158767	0.128516	0.133549	0.062505	
0.084834	0.090272	0.119878	0.170958	0.019026	
0.199394	0.150139	0.243689	0.048932	0.034604	
0.169313	0.127100	0.256486	0.061320	0.035827	
0.374404	0.203378	0.230970	0.076303	0.043105	
0.111692	0.067549	0.120133	0.166713	0.033210	
0.278835	0.257859	0.222236	0.072392	0.021610	
0.255274	0.262017	0.263291	0.043508	0.030118	
0.046021	0.128169	0.310018	0.126099	0.027333	
0.160100	0.206487	0.260461	0.066878	0.024725	
0.117133	0.087780	0.180912	0.199823	0.061410	
0.141227	0.089712	0.221752	0.041083	0.045628	
0.052121	0.403010	0.232733	0.051896	0.030335	
0.053934	0.315564	0.277732	0.024083	0.036414	
0.078097	0.112011	0.167166	0.250840	0.025992	
0.177120	0.154098	0.177869	0.160975	0.036696	
0.289201	0.049019	0.102915	0.139185	0.035764	
0.264583	0.090285	0.089364	0.133801	0.048012	
0.091199	0.070290	0.091035	0.128728	0.027595	
0.362190	0.072269	0.108433	0.074907	0.030695	
0.059994	0.238700	0.322746	0.192676	0.045021	
0.079007	0.065556	0.149653	0.137778	0.038914	
0.372660	0.144614	0.100552	0.067120	0.039062	
0.157339	0.079885	0.159710	0.171181	0.038961	
0.139407	0.120256	0.128580	0.169752	0.045781	
0.077100	0.071667	0.154283	0.125060	0.027355	
0.060229	0.309434	0.178576	0.074841	0.050322	
0.303946	0.130339	0.110187	0.080770	0.037892	
0.247878	0.193507	0.180659	0.054506	0.046946	
0.077402	0.284432	0.319157	0.191590	0.040093	
0.128025	0.156208	0.196724	0.050409	0.035104	
0.056302	0.293960	0.275013	0.150393	0.025220	
0.090519	0.150135	0.236264	0.070172	0.029573	
0.274963	0.110809	0.224735	0.082909	0.050803	
0.138593	0.117497	0.222201	0.053234	0.031695	
0.317444	0.107248	0.253859	0.037797	0.019822	
0.102045	0.134792	0.194433	0.079892	0.018757	
0.085417	0.071765	0.161484	0.157552	0.034005	
0.067254	0.045056	0.153386	0.153266	0.017669	
0.043285	0.090204	0.098078	0.140719	0.015988	
0.190063	0.127971	0.128036	0.099115	0.040470	
0.145490	0.115614	0.123833	0.080088	0.029568	
0.055647	0.294655	0.300002	0.088840	0.024960	
0.155983	0.143347	0.240597	0.072323	0.025873	
0.048363	0.256945	0.287758	0.067478	0.020986	
0.251588	0.096814	0.084847	0.122874	0.042809	
0.205652	0.061802	0.173755	0.063483	0.024147	
0.172531	0.131123	0.171685	0.090371	0.034659	
0.086202	0.140035	0.201697	0.132154	0.036355	
0.172231	0.191777	0.224783	0.087139	0.031999	
0.057981	0.019412	0.198911	0.063665	0.037938	
0.060647	0.070023	0.173609	0.071788	0.022406	
0.048631	0.108757	0.197109	0.152684	0.049275	
0.222572	0.169479	0.212252	0.069318	0.027213	
0.220147	0.192853	0.191638	0.056402	0.021198	
0.184085	0.071585	0.060464	0.109088	0.031386	
0.031243	0.104067	0.272651	0.079358	0.032242	
0.104946	0.113708	0.155243	0.147061	0.023993	
0.131367	0.152083	0.181654	0.076686	0.021585	
0.121292	0.173418	0.217904	0.032337	0.040871	
0.253943	0.169866	0.184137	0.068425	0.041501	
0.169016	0.211856	0.203315	0.067744	0.044229	
0.153771	0.193988	0.261127	0.027980	0.028141	
0.071936	0.046704	0.061958	0.152880	0.039586	
0.281996	0.061445	0.067307	0.096070	0.017228	
0.059154	0.216893	0.252462	0.148078	0.024144	
0.054467	0.211883	0.258661	0.078540	0.027004	
0.119119	0.072269	0.173484	0.150615	0.043157	
0.037847	0.135836	0.193927	0.071677	0.022497	
0.036446	0.104333	0.181588	0.080991	0.024878	
0.042958	0.039183	0.186613	0.112576	0.019594	
0.045472	0.325358	0.235747	0.073829	0.030666	
0.157401	0.116033	0.218960	0.038832	0.040290	
0.062774	0.230129	0.287553	0.059240	0.037597	
0.265495	0.146907	0.108194	0.027481	0.033523	
0.076027	0.288331	0.268997	0.077237	0.034141	
0.090497	0.053958	0.050809	0.151343	0.016050	
0.089008	0.319301	0.279564	0.062023	0.019049	
0.213033	0.057969	0.132834	0.086266	0.036819	
0.045954	0.087509	0.161535	0.079101	0.020537	
0.085230	0.063916	0.062357	0.065041	0.042720	
0.122575	0.178963	0.188617	0.068723	0.040791	
0.160949	0.161781	0.125167	0.097714	0.038246	
0.145526	0.146686	0.164315	0.092633	0.047158	
0.041604	0.083022	0.209314	0.141788	0.040366	
0.171915	0.150868	0.179763	0.088067	0.040230	
0.036986	0.163708	0.204032	0.065784	0.027615	
0.189468	0.134579	0.150116	0.032099	0.018897	
0.388057	0.111750	0.211842	0.062814	0.038217	
0.353426	0.110749	0.213383	0.029447	0.027314	
0.051822	0.280919	0.261462	0.089790	0.052608	
0.112981	0.053175	0.125609	0.204171	0.021802	
0.043059	0.259744	0.249734	0.027998	0.019791	
0.097695	0.066132	0.113104	0.169606	0.024965	
0.248836	0.063847	0.102792	0.088622	0.034667	
0.301126	0.128654	0.088307	0.098724	0.053051	
0.176711	0.246917	0.241248	0.061042	0.016361	
0.075555	0.071454	0.132122	0.095662	0.022585	
0.140626	0.164285	0.184551	0.047090	0.026170	
0.036139	0.065495	0.119449	0.141629	0.032953	
0.086049	0.227324	0.189279	0.044577	0.025494	
0.058304	0.099250	0.208375	0.041723	0.017946	
0.091907	0.072721	0.099526	0.169349	0.023239	
0.158335	0.118515	0.170685	0.105926	0.052838	
0.094627	0.243336	0.177396	0.100267	0.026385	
0.085207	0.102929	0.185582	0.056136	0.020225	
0.074700	0.069166	0.093017	0.148541	0.043196	
0.104495	0.116083	0.161049	0.089410	0.028397	
0.235329	0.077199	0.122227	0.048537	0.022834	
0.147820	0.088717	0.081804	0.058506	0.012804	
0.064528	0.251059	0.232843	0.078584	0.044398	
0.098869	0.116988	0.215347	0.045920	0.020340	
0.077280	0.273692	0.255091	0.043663	0.029839	
0.139949	0.130826	0.196640	0.047900	0.037389	
0.060512	0.056691	0.099528	0.180049	0.029182	
0.059309	0.074671	0.070036	0.104054	0.024329	
0.049776	0.062059	0.109039	0.124754	0.017264	
0.046387	0.026882	0.095016	0.164594	0.023803	
0.043720	0.289081	0.221827	0.078561	0.026775	
0.105568	0.057345	0.088130	0.135781	0.030688	
0.061365	0.237535	0.188578	0.070252	0.028123	
0.089244	0.080976	0.029548	0.105746	0.024974	
0.193606	0.142959	0.200590	0.058734	0.021570	
0.219472	0.105800	0.170288	0.042110	0.028515	
0.127628	0.168465	0.210224	0.041990	0.015181	
0.105382	0.149153	0.204277	0.037272	0.042198	
0.089093	0.087522	0.093092	0.139406	0.026965	
0.038255	0.061461	0.104629	0.119500	0.037288	
0.081594	0.241206	0.240999	0.081116	0.022174	
0.032169	0.256912	0.243495	0.068571	0.013697	
0.118120	0.097716	0.159552	0.036967	0.009597	
0.133802	0.077980	0.194526	0.051533	0.024124	
0.046652	0.327279	0.235153	0.089380	0.035427	
0.029699	0.273941	0.209021	0.075246	0.012283	
0.146464	0.080733	0.149738	0.080686	0.062417	
0.160844	0.087262	0.106503	0.071043	0.021927	
0.268557	0.092769	0.115980	0.086486	0.030215	
0.239297	0.076309	0.122171	0.089141	0.036668	
0.174222	0.113526	0.125690	0.063338	0.020849	
0.190470	0.104886	0.133027	0.050481	0.028432	
0.061554	0.030134	0.085378	0.143778	0.021850	
0.058824	0.043586	0.075958	0.104598	0.023466	
0.141190	0.080127	0.104665	0.069477	0.019663	
0.141245	0.080857	0.089476	0.067201	0.017113	
0.044057	0.235491	0.217478	0.071840	0.019438	
0.072957	0.194448	0.240956	0.059489	0.027668	
0.126823	0.115051	0.163968	0.043325	0.030865	
0.196512	0.123906	0.211648	0.029053	0.029189	
